0.099938,-0.025412,0.711586,0.000000
0.051067,-0.003274,0.689311,0.000000
0.009257,0.012261,0.683426,0.000000
-0.029209,0.031934,0.656378,0.000000
0.045993,-0.069613,0.554993,0.000000
-0.077337,-0.016423,0.676735,0.000000
-0.068315,-0.060861,0.671654,0.000000
-0.100457,-0.101467,0.681974,0.000000
-0.136920,-0.083353,0.686077,0.000000
-0.059932,0.018690,0.759247,0.000000
-0.109418,0.016017,0.575995,0.000000
-0.041441,0.020984,0.647288,0.000000
-0.016924,0.020785,0.581840,0.000000
-0.081877,-0.015620,0.677839,0.000000
-0.023231,-0.013209,0.707921,0.000000
0.007579,-0.008024,0.675551,0.000000
0.051782,-0.005157,0.689107,0.000000
0.084326,-0.003371,0.644052,0.000000
-0.125475,-0.082986,0.687986,0.000000
0.055481,-0.065798,0.682594,0.000000
-0.086586,-0.085425,0.662925,0.000000
-0.085613,-0.035798,0.712667,0.000000
-0.046868,-0.056770,0.667767,0.000000
-0.124164,0.034429,0.571636,0.000000
-0.037485,-0.002825,0.716546,0.000000
0.007432,-0.023265,0.674897,0.000000
0.070510,-0.050729,0.706241,0.000000
0.003434,0.043141,0.586892,0.000000
0.020429,0.036184,0.683174,0.000000
0.064815,0.019030,0.613955,0.000000
0.095368,0.004317,0.656931,0.000000
-0.037837,-0.078949,0.673401,0.000000
-0.068883,-0.081791,0.637677,0.000000
-0.114372,-0.085804,0.686592,0.000000
0.113091,-0.019031,0.729013,0.000000
0.077442,-0.021248,0.700303,0.000000
0.005120,-0.027368,0.695879,0.000000
-0.022454,-0.030979,0.612540,0.000000
-0.076159,-0.033046,0.716959,0.000000
0.085949,0.017883,0.634178,0.000000
0.003336,0.012991,0.690406,0.000000
-0.030778,0.008774,0.645620,0.000000
-0.071207,0.005574,0.674815,0.000000
0.069528,-0.046850,0.706598,0.000000
0.076180,-0.024487,0.699983,0.000000
0.077483,-0.023027,0.698895,0.000000
0.009554,0.012969,0.680352,0.000000
-0.076777,-0.034615,0.714429,0.000000
0.087025,0.019334,0.634175,0.000000
0.098581,-0.024280,0.711253,0.000000
0.056343,-0.066377,0.683557,0.000000
-0.110466,0.015018,0.577546,0.000000
0.048777,-0.004418,0.688076,0.000000
0.045520,-0.069605,0.553704,0.000000
0.063748,0.018666,0.616201,0.000000
-0.044083,0.021131,0.647061,0.000000
0.087147,0.018387,0.631806,0.000000
-0.121610,-0.081571,0.686695,0.000000
0.051898,-0.005003,0.691167,0.000000
-0.069012,0.007481,0.672434,0.000000
-0.045436,-0.054989,0.668438,0.000000
-0.030644,0.031376,0.655475,0.000000
-0.043514,0.019724,0.646644,0.000000
0.087624,0.019179,0.635232,0.000000
-0.070963,-0.082144,0.638765,0.000000
-0.069351,-0.058974,0.671856,0.000000
0.085705,-0.000464,0.644304,0.000000
-0.113678,-0.086733,0.686230,0.000000
0.006726,-0.008336,0.677745,0.000000
0.003300,-0.030503,0.693002,0.000000
-0.042836,0.021471,0.649432,0.000000
-0.030022,0.008178,0.641783,0.000000
0.068306,-0.047652,0.704476,0.000000
-0.079615,-0.014843,0.677796,0.000000
0.085066,-0.002400,0.643961,0.000000
-0.109134,0.015271,0.576534,0.000000
-0.077802,-0.033084,0.717614,0.000000
0.095392,0.004241,0.657278,0.000000
0.085604,-0.002207,0.642551,0.000000
-0.113545,-0.082115,0.684552,0.000000
0.008861,-0.008765,0.676233,0.000000
-0.078517,-0.015853,0.678548,0.000000
-0.140263,-0.080827,0.686754,0.000000
-0.076839,-0.036262,0.715825,0.000000
0.045677,-0.069962,0.554813,0.000000
-0.037059,-0.003167,0.717185,0.000000
0.044558,-0.069317,0.552366,0.000000
-0.078549,-0.016843,0.677515,0.000000
-0.087159,-0.036526,0.714684,0.000000
0.086238,0.016752,0.634269,0.000000
0.020429,0.037776,0.683242,0.000000
0.155749,0.059582,0.329984,1.000000
0.226749,-0.020480,0.346413,1.000000
0.183104,-0.000275,0.326050,1.000000
0.159458,0.008328,0.401730,1.000000
0.136670,0.020116,0.430680,1.000000
0.100908,0.033706,0.459679,1.000000
0.069697,0.048346,0.465760,1.000000
0.043627,-0.068172,0.393544,1.000000
0.092069,0.074942,0.488772,1.000000
0.082255,0.030743,0.461627,1.000000
0.141333,0.034316,0.367790,1.000000
0.186647,0.038685,0.378222,1.000000
0.076054,-0.002668,0.447516,1.000000
0.148108,0.004621,0.417910,1.000000
0.182566,0.006586,0.374757,1.000000
0.214966,0.007390,0.321131,1.000000
0.061401,-0.045840,0.360437,1.000000
0.058854,0.021660,0.490420,1.000000
0.111949,-0.004347,0.372402,1.000000
0.136728,-0.015706,0.438510,1.000000
0.155724,-0.026308,0.329140,1.000000
0.159344,0.018103,0.408397,1.000000
0.208983,-0.004473,0.344950,1.000000
0.074143,0.054541,0.468153,1.000000
0.134083,0.027807,0.345370,1.000000
0.132067,0.075030,0.308982,1.000000
0.158577,0.061119,0.358227,1.000000
0.186004,0.048347,0.424037,1.000000
0.225308,-0.011547,0.354872,1.000000
0.104686,-0.020164,0.365816,1.000000
0.171244,0.024884,0.406439,1.000000
0.140977,0.021119,0.355000,1.000000
0.081236,0.018806,0.477804,1.000000
0.108330,0.021831,0.321985,1.000000
0.161192,0.087655,0.321974,1.000000
0.171693,0.023327,0.406812,1.000000
0.055122,0.021270,0.492240,1.000000
0.183607,0.005781,0.374107,1.000000
0.207706,-0.002093,0.345176,1.000000
0.079886,0.018046,0.479493,1.000000
0.224978,-0.012447,0.354009,1.000000
0.161240,0.059221,0.359328,1.000000
0.230318,-0.020472,0.347565,1.000000
0.132086,-0.013624,0.439099,1.000000
0.160597,0.089221,0.321996,1.000000
0.161558,0.087868,0.323530,1.000000
0.109978,0.020199,0.322824,1.000000
0.157441,0.017498,0.407344,1.000000
0.134978,-0.015347,0.439814,1.000000
0.082788,0.033223,0.460369,1.000000
0.154270,-0.021629,0.328986,1.000000
0.183632,-0.002671,0.326721,1.000000
0.160691,0.009660,0.402156,1.000000
0.061392,-0.048139,0.361716,1.000000
0.137633,0.018362,0.430674,1.000000
0.182503,0.004497,0.375266,1.000000
0.081560,0.018134,0.476864,1.000000
0.225426,-0.011763,0.354446,1.000000
0.141714,0.022685,0.354055,1.000000
0.205950,-0.001611,0.344697,1.000000
0.140151,0.034868,0.368526,1.000000
0.215042,0.011111,0.319600,1.000000
0.138476,0.022813,0.355183,1.000000
0.073589,0.055383,0.468644,1.000000
0.149547,-0.048866,0.434723,2.000000
0.144115,-0.043568,0.552675,2.000000
0.219180,-0.076499,0.404947,2.000000
0.185870,-0.060998,0.425740,2.000000
0.201770,-0.138463,0.402487,2.000000
0.196184,-0.134791,0.534633,2.000000
0.156844,-0.115047,0.386470,2.000000
0.155779,-0.119877,0.530621,2.000000
0.093804,-0.091180,0.430037,2.000000
0.054921,-0.065158,0.518547,2.000000
0.105989,-0.063020,0.533779,2.000000
0.116290,-0.060287,0.436638,2.000000
0.158877,-0.059944,0.441378,2.000000
0.109345,-0.116572,0.512789,2.000000
0.154351,-0.108517,0.535103,2.000000
0.113738,-0.113536,0.392789,2.000000
0.159285,-0.109372,0.384800,2.000000
0.212275,-0.105394,0.392237,2.000000
0.162996,-0.152959,0.537783,2.000000
0.118166,-0.071658,0.432086,2.000000
0.159013,-0.092107,0.408866,2.000000
0.196023,-0.107186,0.398954,2.000000
0.148086,-0.020791,0.577348,2.000000
0.168282,-0.030640,0.461988,2.000000
0.224410,-0.117289,0.408705,2.000000
0.162673,-0.122567,0.535149,2.000000
0.195720,-0.060396,0.452908,2.000000
0.160599,-0.061865,0.434312,2.000000
0.140221,-0.015812,0.580012,2.000000
0.150248,-0.048996,0.435403,2.000000
0.106842,-0.115659,0.511266,2.000000
0.094062,-0.092691,0.431380,2.000000
0.163734,-0.121926,0.533260,2.000000
0.157375,-0.057107,0.444998,2.000000
0.172476,-0.030412,0.462131,2.000000
0.161150,-0.121154,0.531912,2.000000
0.152861,-0.117354,0.533044,2.000000
0.162091,-0.062670,0.434475,2.000000
0.117647,-0.062644,0.436704,2.000000
0.106045,-0.060751,0.535044,2.000000
0.200698,-0.137469,0.404778,2.000000
0.105127,-0.115051,0.509325,2.000000
0.105443,-0.115922,0.511018,2.000000
0.093098,-0.090804,0.433804,2.000000
0.194807,-0.103261,0.399149,2.000000
0.115495,-0.113219,0.391635,2.000000
0.214095,-0.105529,0.395999,2.000000
0.157900,-0.108456,0.383886,2.000000
0.119677,-0.073456,0.433012,2.000000
0.215277,-0.104438,0.395709,2.000000
0.211896,-0.107353,0.394692,2.000000
0.183024,-0.063417,0.426313,2.000000
0.223884,-0.118259,0.407488,2.000000
0.196157,-0.135906,0.535976,2.000000
0.171656,-0.030784,0.461870,2.000000
0.158140,-0.116887,0.386558,2.000000
0.116874,-0.071361,0.432108,2.000000
0.196341,-0.061853,0.454851,2.000000
0.153131,-0.109467,0.535160,2.000000
0.245794,0.023486,0.058284,3.000000
0.202268,0.041743,0.031268,3.000000
0.156684,0.009343,0.082143,3.000000
0.112459,0.033063,0.047030,3.000000
0.054984,-0.003195,0.076891,3.000000
0.159215,-0.048240,0.019432,3.000000
0.095791,-0.023576,0.091910,3.000000
0.223679,-0.146166,0.041559,3.000000
0.190599,-0.131227,0.048387,3.000000
0.153312,-0.118072,0.064811,3.000000
0.116049,-0.100901,0.057373,3.000000
0.079492,-0.082758,0.057119,3.000000
0.030237,-0.101001,0.016477,3.000000
0.085919,-0.179281,0.003556,3.000000
0.006348,-0.144651,0.010044,3.000000
0.137205,0.077834,0.050621,3.000000
0.099588,0.032352,0.060483,3.000000
0.142211,0.033187,0.071115,3.000000
0.102830,0.000211,0.088413,3.000000
0.142057,0.002418,0.086601,3.000000
0.178914,0.007265,0.081564,3.000000
0.225934,0.009751,0.059399,3.000000
0.170466,-0.058487,0.035578,3.000000
0.061746,-0.120084,0.033346,3.000000
0.121922,-0.111989,0.083439,3.000000
0.156939,-0.110754,0.063682,3.000000
0.201250,-0.105636,0.030227,3.000000
0.112922,-0.155068,0.055707,3.000000
0.194397,-0.151456,0.048372,3.000000
0.228760,-0.145490,0.035093,3.000000
0.087557,-0.196278,0.082520,3.000000
0.126698,-0.012460,0.082446,3.000000
0.154109,-0.023109,0.127015,3.000000
0.185535,0.006003,0.074590,3.000000
0.210523,0.035320,0.051017,3.000000
0.234358,0.029037,0.063238,3.000000
0.200624,0.027304,0.038976,3.000000
0.160634,0.024243,0.063247,3.000000
0.198238,-0.104404,0.031356,3.000000
0.183831,0.005317,0.076499,3.000000
0.087765,-0.197078,0.083723,3.000000
0.193326,-0.148448,0.047282,3.000000
0.153349,-0.114296,0.064377,3.000000
0.170689,-0.060469,0.038250,3.000000
0.083860,-0.180049,0.005747,3.000000
0.136143,0.076669,0.053954,3.000000
0.228290,0.011968,0.060295,3.000000
0.198825,0.029128,0.039749,3.000000
0.129082,-0.013433,0.080417,3.000000
0.159316,-0.112090,0.064449,3.000000
0.154633,-0.115622,0.064768,3.000000
0.243909,0.024858,0.058152,3.000000
0.113412,0.032419,0.051805,3.000000
0.058854,-0.118152,0.033850,3.000000
0.156640,-0.049669,0.020107,3.000000
0.153707,-0.117292,0.064073,3.000000
0.158174,0.023855,0.062367,3.000000
0.155686,-0.048553,0.020686,3.000000
0.078441,-0.083273,0.057280,3.000000
0.202279,0.043198,0.030934,3.000000
0.155926,-0.022185,0.126097,3.000000
0.205071,0.041209,0.033100,3.000000
0.128604,-0.012226,0.081491,3.000000
0.112985,-0.157410,0.056516,3.000000
0.204031,0.040706,0.032964,3.000000
0.113200,-0.155185,0.058138,3.000000
0.098638,0.029938,0.061500,3.000000
0.179068,0.008141,0.081781,3.000000
0.289970,0.107347,-0.237707,4.000000
0.227177,0.071640,-0.396791,4.000000
0.230343,0.067878,-0.227943,4.000000
0.255906,0.022603,-0.388125,4.000000
0.221286,0.033444,-0.351238,4.000000
0.205736,-0.007542,-0.361959,4.000000
0.179885,0.000610,-0.301579,4.000000
0.143105,0.018506,-0.307762,4.000000
0.233487,0.087417,-0.231158,4.000000
0.273330,0.089726,-0.235353,4.000000
0.192716,0.038552,-0.371460,4.000000
0.232204,0.040963,-0.383966,4.000000
0.120801,-0.000232,-0.296644,4.000000
0.162842,0.002984,-0.308599,4.000000
0.198880,0.007401,-0.349866,4.000000
0.235153,0.010073,-0.369072,4.000000
0.265613,0.011597,-0.417176,4.000000
0.236589,0.082517,-0.399015,4.000000
0.238007,0.083908,-0.225856,4.000000
0.292253,0.119939,-0.251648,4.000000
0.309302,0.097718,-0.224383,4.000000
0.268762,0.094517,-0.244540,4.000000
0.292094,0.107430,-0.240884,4.000000
0.162316,0.004337,-0.309523,4.000000
0.270581,0.088710,-0.232579,4.000000
0.235130,0.085080,-0.400114,4.000000
0.180272,0.003856,-0.299822,4.000000
0.237871,0.085183,-0.225357,4.000000
0.227784,0.071181,-0.397352,4.000000
0.271855,0.096980,-0.243791,4.000000
0.271069,0.091030,-0.234246,4.000000
0.265775,0.011641,-0.414919,4.000000
0.234018,0.068540,-0.227682,4.000000
0.199783,0.009345,-0.347582,4.000000
0.221831,0.035828,-0.353092,4.000000
0.199249,0.005826,-0.349223,4.000000
0.234969,0.084535,-0.397952,4.000000
0.231215,0.084791,-0.232006,4.000000
0.227392,0.072819,-0.397201,4.000000
0.230713,0.039561,-0.383052,4.000000
0.143684,0.020631,-0.306364,4.000000
0.232409,0.043855,-0.382733,4.000000
0.233677,0.068207,-0.227792,4.000000
0.121227,0.000596,-0.295019,4.000000
0.233901,0.085538,-0.395354,4.000000
0.233900,0.044064,-0.382475,4.000000
0.292432,0.120980,-0.253002,4.000000
0.159928,0.004046,-0.307000,4.000000
0.119350,-0.104315,0.674465,5.000000
0.072091,-0.080711,0.643369,5.000000
0.108949,-0.138942,0.624960,5.000000
0.063811,-0.118830,0.592473,5.000000
0.090135,-0.184479,0.635480,5.000000
0.077091,-0.176724,0.719989,5.000000
0.028291,-0.155482,0.701875,5.000000
0.000251,-0.202915,0.718132,5.000000
-0.052500,-0.177880,0.661613,5.000000
0.069614,-0.118522,0.667751,5.000000
0.120654,-0.112515,0.686503,5.000000
0.034900,-0.117249,0.702665,5.000000
-0.005358,-0.165221,0.700465,5.000000
0.045804,-0.161011,0.713205,5.000000
0.087786,-0.155641,0.730843,5.000000
0.106633,-0.155985,0.632763,5.000000
-0.047721,-0.206728,0.715921,5.000000
-0.036284,-0.205554,0.608568,5.000000
-0.020102,-0.228227,0.656016,5.000000
-0.016650,-0.157395,0.636432,5.000000
0.005437,-0.167571,0.714921,5.000000
0.037983,-0.179580,0.726042,5.000000
0.075367,-0.156653,0.735498,5.000000
0.131135,-0.182811,0.628556,5.000000
0.106212,-0.121954,0.654874,5.000000
0.140775,-0.137974,0.647921,5.000000
0.009137,-0.198371,0.725754,5.000000
-0.004292,-0.197963,0.600844,5.000000
-0.051063,-0.202333,0.678843,5.000000
0.128964,-0.125430,0.708849,5.000000
0.104932,-0.127275,0.627965,5.000000
-0.003269,-0.134657,0.604144,5.000000
0.036092,-0.119149,0.703271,5.000000
0.106951,-0.126084,0.629461,5.000000
0.127915,-0.124749,0.711920,5.000000
0.089239,-0.157723,0.727081,5.000000
-0.052832,-0.178359,0.664768,5.000000
0.004961,-0.168368,0.712164,5.000000
0.122260,-0.111160,0.686347,5.000000
0.075599,-0.176538,0.722306,5.000000
0.028396,-0.157027,0.702174,5.000000
-0.049358,-0.204746,0.677458,5.000000
-0.003833,-0.198968,0.599365,5.000000
0.007496,-0.196361,0.729230,5.000000
0.104729,-0.126238,0.628702,5.000000
-0.054954,-0.178799,0.661541,5.000000
0.029699,-0.155396,0.700131,5.000000
-0.035946,-0.205460,0.607747,5.000000
-0.003589,-0.132764,0.605879,5.000000
0.121009,-0.101327,0.676129,5.000000
0.028586,-0.155541,0.701727,5.000000
0.075477,-0.157619,0.737065,5.000000
0.105511,-0.157624,0.635121,5.000000
-0.048210,-0.205022,0.718457,5.000000
0.071362,-0.117344,0.668440,5.000000
0.131611,-0.179256,0.631087,5.000000
-0.045598,-0.204939,0.717675,5.000000
0.075346,-0.175520,0.718034,5.000000
0.004155,-0.166013,0.714758,5.000000
-0.127512,0.134027,0.215707,6.000000
-0.090799,0.058875,0.161180,6.000000
-0.234570,0.100248,0.079381,6.000000
-0.196842,0.103388,0.063903,6.000000
-0.115140,0.109810,0.188864,6.000000
-0.242123,0.047331,0.144546,6.000000
-0.222826,0.048573,0.065110,6.000000
-0.174453,0.052342,0.085067,6.000000
-0.091095,0.058376,0.045387,6.000000
-0.239643,-0.000011,0.137968,6.000000
-0.203651,0.007021,0.120530,6.000000
-0.089960,0.014210,0.038058,6.000000
-0.279941,-0.001065,0.139788,6.000000
-0.234775,0.023380,0.131267,6.000000
-0.192280,0.006266,0.106601,6.000000
-0.241185,0.084851,0.051028,6.000000
-0.204082,0.069895,0.048675,6.000000
-0.165893,0.056757,0.039968,6.000000
-0.141408,0.044337,0.105398,6.000000
-0.114002,0.030137,0.149992,6.000000
-0.183683,0.126706,0.060727,6.000000
-0.134930,0.104215,0.178061,6.000000
-0.098178,0.087770,0.180961,6.000000
-0.122093,0.141039,0.212729,6.000000
-0.102045,0.003661,0.029943,6.000000
-0.191082,-0.005447,0.116453,6.000000
-0.232997,-0.005571,0.128809,6.000000
-0.115266,0.064084,0.159389,6.000000
-0.151318,0.061560,0.128351,6.000000
-0.175311,0.058637,0.079155,6.000000
-0.208170,0.058681,0.065050,6.000000
-0.248718,0.055740,0.058409,6.000000
-0.127758,0.120763,0.195797,6.000000
-0.181711,0.116473,0.061768,6.000000
-0.198156,0.101650,0.062599,6.000000
-0.113177,0.063065,0.158499,6.000000
-0.096228,0.088428,0.181867,6.000000
-0.116205,0.109332,0.189700,6.000000
-0.235583,0.025576,0.131921,6.000000
-0.231479,-0.006082,0.125603,6.000000
-0.114385,0.109630,0.189184,6.000000
-0.142037,0.044962,0.107131,6.000000
-0.197307,0.102647,0.064537,6.000000
-0.181990,0.115751,0.061313,6.000000
-0.095973,0.089447,0.183634,6.000000
-0.203804,0.071005,0.049853,6.000000
-0.127655,0.134984,0.213801,6.000000
-0.099370,0.088603,0.181481,6.000000
-0.196107,0.102882,0.061310,6.000000
-0.249021,0.053844,0.057888,6.000000
-0.149495,0.061724,0.131866,6.000000
-0.234431,0.097986,0.076247,6.000000
-0.211780,0.057910,0.065602,6.000000
-0.223322,0.048921,0.066486,6.000000
-0.239537,0.003397,0.137371,6.000000
-0.139837,0.043048,0.108014,6.000000
-0.209000,0.057608,0.063901,6.000000
-0.233169,0.100585,0.079517,6.000000
-0.131869,0.103628,0.175658,6.000000
-0.239238,0.087135,0.050366,6.000000
-0.114097,0.030506,0.150806,6.000000
-0.103844,-0.003793,0.572321,7.000000
-0.109994,-0.041538,0.530917,7.000000
-0.047490,-0.120627,0.564942,7.000000
-0.089653,-0.162201,0.552544,7.000000
-0.100076,-0.224274,0.566075,7.000000
-0.135342,-0.210096,0.573162,7.000000
-0.162467,-0.084550,0.540803,7.000000
-0.135856,-0.177874,0.567123,7.000000
-0.097530,-0.174802,0.557626,7.000000
-0.138696,-0.214660,0.574082,7.000000
-0.084049,-0.206790,0.581792,7.000000
-0.109082,-0.186788,0.544079,7.000000
-0.080060,-0.198899,0.573443,7.000000
-0.037750,-0.217532,0.564777,7.000000
-0.179154,-0.085470,0.549694,7.000000
-0.139145,-0.103684,0.528394,7.000000
-0.121786,-0.109296,0.628332,7.000000
-0.084672,-0.127704,0.439371,7.000000
-0.063327,-0.136190,0.495685,7.000000
-0.029496,-0.149439,0.507398,7.000000
-0.138075,-0.061806,0.538498,7.000000
-0.099676,-0.080825,0.537434,7.000000
-0.082906,-0.038298,0.511881,7.000000
-0.051633,-0.053520,0.497369,7.000000
-0.070653,-0.203330,0.572669,7.000000
-0.102693,-0.205690,0.565018,7.000000
-0.088695,-0.141770,0.449419,7.000000
-0.086788,-0.082279,0.553078,7.000000
-0.119161,-0.086247,0.513036,7.000000
-0.164234,-0.090054,0.547310,7.000000
-0.076637,-0.033909,0.518632,7.000000
-0.120391,-0.040540,0.535388,7.000000
-0.089619,0.003933,0.565835,7.000000
-0.127406,0.004762,0.561610,7.000000
-0.087155,-0.142737,0.448568,7.000000
-0.087033,-0.037410,0.511786,7.000000
-0.138390,-0.062686,0.538223,7.000000
-0.138294,-0.208153,0.574707,7.000000
-0.138244,-0.062835,0.539243,7.000000
-0.128627,0.001801,0.557539,7.000000
-0.084864,-0.038863,0.514419,7.000000
-0.136468,-0.176220,0.565810,7.000000
-0.137846,-0.210108,0.575736,7.000000
-0.130820,0.001846,0.558088,7.000000
-0.138493,-0.104291,0.528578,7.000000
-0.096670,-0.174154,0.556728,7.000000
-0.053268,-0.053312,0.499334,7.000000
-0.052757,-0.052561,0.497353,7.000000
-0.087514,-0.164399,0.552395,7.000000
-0.121419,-0.086791,0.513814,7.000000
-0.079463,-0.200337,0.575458,7.000000
-0.100928,-0.080699,0.536004,7.000000
-0.101155,-0.223771,0.566124,7.000000
-0.138905,-0.063046,0.537836,7.000000
-0.027887,-0.151405,0.506897,7.000000
-0.089350,-0.162731,0.551872,7.000000
-0.083915,-0.207820,0.581639,7.000000
-0.090113,-0.082792,0.555547,7.000000
-0.083598,-0.038882,0.510431,7.000000
-0.119734,-0.084824,0.512303,7.000000
-0.049917,-0.123036,0.562921,7.000000
-0.029425,-0.153772,0.508860,7.000000
-0.082917,-0.208276,0.578948,7.000000
-0.127703,0.002919,0.559880,7.000000
-0.084229,-0.209499,0.580771,7.000000
-0.101345,-0.205447,0.563691,7.000000
-0.049911,-0.121261,0.563995,7.000000
-0.095832,-0.175708,0.557119,7.000000
-0.070060,-0.203304,0.574288,7.000000
-0.078054,-0.033512,0.518520,7.000000
-0.178349,-0.086608,0.550438,7.000000
-0.136966,-0.102705,0.528579,7.000000
-0.137009,-0.209462,0.573333,7.000000
-0.135917,-0.176441,0.567218,7.000000
-0.030704,-0.150794,0.509422,7.000000
-0.128532,0.002515,0.558863,7.000000
0.161254,0.100688,0.278252,8.000000
0.072354,0.138346,0.243969,8.000000
0.033764,0.150489,0.246383,8.000000
0.094352,0.085792,0.237232,8.000000
0.047640,0.106931,0.240525,8.000000
0.013102,0.121344,0.245940,8.000000
0.097866,0.034403,0.288390,8.000000
0.036629,0.066280,0.224533,8.000000
-0.012721,0.083408,0.178319,8.000000
0.035784,0.121364,0.251786,8.000000
0.077618,0.127267,0.241231,8.000000
0.011768,0.066701,0.221331,8.000000
0.050311,0.073260,0.217636,8.000000
0.155436,0.080287,0.271268,8.000000
0.012171,0.024299,0.236319,8.000000
0.068276,0.028863,0.260525,8.000000
0.074622,-0.003200,0.299178,8.000000
0.063360,0.015515,0.253371,8.000000
-0.013336,0.093664,0.164841,8.000000
0.017916,0.078084,0.208885,8.000000
0.043685,0.067579,0.249554,8.000000
0.084036,0.050874,0.212682,8.000000
0.104966,0.041449,0.293318,8.000000
0.013312,0.124919,0.184040,8.000000
0.037412,0.113117,0.243871,8.000000
0.075388,0.097491,0.252163,8.000000
0.110040,0.082868,0.233010,8.000000
0.049844,0.168573,0.231454,8.000000
0.088936,0.151784,0.216693,8.000000
0.083700,0.020996,0.260921,8.000000
0.132114,0.085323,0.246929,8.000000
0.097804,0.083671,0.218424,8.000000
0.052504,0.079307,0.253478,8.000000
0.022283,0.075330,0.223585,8.000000
0.063064,0.136953,0.246440,8.000000
0.061262,0.133328,0.244552,8.000000
0.042246,0.070093,0.250342,8.000000
0.085092,0.149856,0.213839,8.000000
0.159782,0.098582,0.277333,8.000000
0.039393,0.063796,0.225601,8.000000
0.099135,0.035261,0.289109,8.000000
-0.010213,0.083369,0.179935,8.000000
0.035837,0.062553,0.224397,8.000000
0.084564,0.051334,0.212230,8.000000
0.012378,0.067274,0.219251,8.000000
0.037889,0.066280,0.225568,8.000000
0.050755,0.166444,0.233953,8.000000
0.043559,0.070224,0.249521,8.000000
0.155998,0.080165,0.270425,8.000000
0.107827,0.084091,0.233136,8.000000
0.036744,0.114825,0.246142,8.000000
0.012076,0.124436,0.184794,8.000000
-0.011690,0.093166,0.165768,8.000000
0.061846,0.136652,0.246844,8.000000
0.111594,0.083751,0.234564,8.000000
0.074293,-0.003812,0.297446,8.000000
0.078613,0.127173,0.242058,8.000000
0.104754,0.040437,0.293333,8.000000
0.049734,0.167080,0.233940,8.000000
0.075346,0.125926,0.241332,8.000000
0.049203,0.070299,0.217885,8.000000
0.012124,0.124207,0.183568,8.000000
0.070275,0.137884,0.244750,8.000000
0.085912,0.050035,0.212665,8.000000
0.022367,0.075356,0.221775,8.000000
0.045691,0.069072,0.249089,8.000000
0.074381,0.097624,0.250894,8.000000
0.009524,0.026018,0.236962,8.000000
0.083893,0.018776,0.259628,8.000000
0.051812,0.104776,0.241797,8.000000
-0.008220,0.083814,0.179012,8.000000
0.014586,0.081047,0.207380,8.000000
0.083742,0.050464,0.212582,8.000000
0.037545,0.064410,0.224496,8.000000
0.085155,0.019765,0.259580,8.000000
0.064547,0.014114,0.254719,8.000000
0.049843,0.106121,0.241246,8.000000
0.011649,0.067735,0.219227,8.000000
0.043175,0.068409,0.250238,8.000000
0.084860,0.050066,0.211175,8.000000
0.086880,0.150602,0.214969,8.000000
0.077047,0.096739,0.252635,8.000000
0.074916,0.098860,0.251503,8.000000
0.223649,-0.016939,0.156975,9.000000
0.250083,-0.091576,0.222758,9.000000
0.214325,-0.075250,0.231676,9.000000
0.150996,-0.045974,0.150799,9.000000
0.197506,-0.136579,0.243627,9.000000
0.160964,-0.118886,0.249981,9.000000
0.158616,-0.156913,0.196617,9.000000
0.124271,-0.061846,0.161023,9.000000
0.166904,-0.057028,0.157865,9.000000
0.205668,-0.057735,0.150889,9.000000
0.250723,-0.050297,0.151825,9.000000
0.168211,-0.106604,0.234449,9.000000
0.210069,-0.103542,0.227768,9.000000
0.154251,-0.153997,0.196655,9.000000
0.155604,-0.086579,0.248590,9.000000
0.226319,-0.054233,0.152823,9.000000
0.207140,-0.004584,0.149756,9.000000
0.242063,-0.019629,0.164047,9.000000
0.256705,-0.057849,0.167099,9.000000
0.200387,-0.137520,0.242076,9.000000
0.154592,-0.087948,0.244982,9.000000
0.205883,-0.055461,0.152810,9.000000
0.255482,-0.056077,0.165864,9.000000
0.249245,-0.088430,0.221441,9.000000
0.125184,-0.061553,0.161401,9.000000
0.249844,-0.088492,0.223760,9.000000
0.206070,-0.055652,0.152742,9.000000
0.249117,-0.052903,0.150358,9.000000
0.160430,-0.118993,0.249516,9.000000
0.152904,-0.153722,0.195972,9.000000
0.151218,-0.153920,0.194823,9.000000
0.161043,-0.117976,0.247908,9.000000
0.207076,-0.004995,0.148278,9.000000
0.156441,-0.157947,0.197558,9.000000
0.254779,-0.054387,0.167318,9.000000
0.209892,-0.104548,0.226683,9.000000
0.151196,-0.044024,0.152149,9.000000
0.152494,-0.151147,0.195008,9.000000
0.153483,-0.088286,0.247571,9.000000
0.165854,-0.060889,0.156906,9.000000
0.223506,-0.018665,0.157393,9.000000
0.207427,-0.004318,0.151369,9.000000
0.207523,-0.052960,0.151185,9.000000
0.250591,-0.051759,0.151883,9.000000
0.226029,-0.055647,0.152194,9.000000
0.020305,0.009603,-0.494807,10.000000
0.043766,-0.067107,-0.511782,10.000000
0.009491,-0.053024,-0.492639,10.000000
0.084612,-0.123885,-0.544660,10.000000
0.029652,-0.099011,-0.740170,10.000000
0.017548,-0.071864,-0.667322,10.000000
0.096099,-0.067350,-0.564969,10.000000
0.119197,-0.064235,-0.606068,10.000000
0.032804,-0.119291,-0.530905,10.000000
0.075940,-0.117687,-0.536641,10.000000
0.019986,-0.123563,-0.724137,10.000000
-0.045191,-0.170851,-0.649795,10.000000
0.026677,-0.164403,-0.525125,10.000000
0.022028,-0.162073,-0.704545,10.000000
-0.068855,-0.208289,-0.728598,10.000000
-0.044843,-0.002630,-0.657377,10.000000
0.021240,0.035443,-0.506899,10.000000
0.092340,0.003000,-0.505329,10.000000
0.013108,0.013137,-0.563771,10.000000
0.010834,0.012855,-0.562047,10.000000
0.021682,0.012649,-0.498229,10.000000
0.092731,-0.062575,-0.564059,10.000000
0.022252,0.031583,-0.508488,10.000000
0.118205,-0.063021,-0.606814,10.000000
0.093233,0.002228,-0.503705,10.000000
0.077250,-0.117644,-0.536135,10.000000
-0.070750,-0.208211,-0.730114,10.000000
0.119739,-0.063950,-0.607140,10.000000
0.026202,-0.164250,-0.527178,10.000000
0.031561,-0.121138,-0.533417,10.000000
0.027231,-0.166036,-0.527324,10.000000
0.028861,-0.165446,-0.525323,10.000000
0.021649,0.011486,-0.497355,10.000000
0.017869,0.033419,-0.508167,10.000000
0.094976,-0.064248,-0.563496,10.000000
0.020061,-0.122184,-0.722454,10.000000
0.032175,-0.120373,-0.533453,10.000000
0.094151,0.001534,-0.502783,10.000000
0.021371,0.033758,-0.505664,10.000000
0.013469,0.014740,-0.563842,10.000000
0.043459,-0.065545,-0.512362,10.000000
-0.070051,-0.206813,-0.728427,10.000000
-0.044630,0.000080,-0.657167,10.000000
0.043147,-0.066306,-0.510674,10.000000
0.016841,-0.122796,-0.724444,10.000000
0.267650,0.117243,-0.805478,11.000000
0.225893,0.135759,-0.817355,11.000000
0.104870,0.188764,-0.809538,11.000000
0.280276,0.049187,-0.782003,11.000000
0.243034,0.064172,-0.776104,11.000000
0.206833,0.078991,-0.785583,11.000000
0.135381,0.109918,-0.889153,11.000000
0.294514,0.004350,-0.811864,11.000000
0.258080,0.018407,-0.812372,11.000000
0.228925,0.032051,-0.795038,11.000000
0.139551,0.020501,-0.760189,11.000000
0.280290,-0.039004,-0.815023,11.000000
0.242105,-0.021981,-0.824125,11.000000
0.232031,-0.019107,-0.701920,11.000000
0.196270,-0.000833,-0.857779,11.000000
0.121599,-0.032024,-0.871724,11.000000
0.005521,0.018422,-0.855219,11.000000
0.043953,-0.066034,-0.815547,11.000000
0.039053,0.123290,-0.941321,11.000000
0.088935,0.127574,-0.925353,11.000000
0.209458,0.082222,-0.781410,11.000000
0.251308,0.088467,-0.782322,11.000000
0.283744,0.091487,-0.802445,11.000000
0.293462,0.046919,-0.781254,11.000000
0.213278,0.042651,-0.763004,11.000000
0.246781,0.041995,-0.791072,11.000000
-0.001583,-0.008337,-0.887125,11.000000
0.186735,0.006087,-0.853170,11.000000
0.234540,0.010682,-0.832363,11.000000
0.285828,0.014235,-0.810304,11.000000
0.042555,-0.067688,-0.871337,11.000000
0.082765,-0.066385,-0.908641,11.000000
0.121674,-0.064094,-0.919316,11.000000
0.166266,-0.057217,-0.900758,11.000000
0.025094,-0.121368,-0.852423,11.000000
0.181068,-0.110471,-0.797777,11.000000
0.010930,-0.163642,-0.891150,11.000000
0.017466,-0.200223,-0.903225,11.000000
0.134122,-0.017964,-0.732428,11.000000
-0.017314,0.094265,-0.821790,11.000000
0.269463,0.067297,-0.795537,11.000000
0.054911,0.079427,-0.945580,11.000000
0.084750,-0.065394,-0.909592,11.000000
0.017512,-0.203146,-0.905685,11.000000
0.103699,0.191016,-0.809220,11.000000
0.259681,0.019533,-0.811742,11.000000
0.248292,0.044509,-0.791940,11.000000
0.241548,0.063051,-0.776231,11.000000
0.281246,0.090038,-0.804744,11.000000
0.040572,0.123121,-0.942815,11.000000
0.286099,0.015581,-0.810346,11.000000
0.281627,-0.039784,-0.815982,11.000000
0.167511,-0.055314,-0.901372,11.000000
0.242629,0.066630,-0.777316,11.000000
0.225302,0.138207,-0.817676,11.000000
0.215962,0.040630,-0.761589,11.000000
0.243921,0.064666,-0.778151,11.000000
0.041565,0.124532,-0.940198,11.000000
0.107013,0.190113,-0.808379,11.000000
0.294320,0.046831,-0.777868,11.000000
0.258801,0.019850,-0.813121,11.000000
0.246999,0.044851,-0.794101,11.000000
0.082773,-0.065735,-0.909540,11.000000
0.135037,-0.014671,-0.730659,11.000000
0.205802,0.079778,-0.787977,11.000000
0.123626,-0.061881,-0.918762,11.000000
0.008683,-0.166322,-0.891513,11.000000
0.208695,0.083874,-0.777386,11.000000
0.188344,0.005359,-0.850846,11.000000
0.106847,0.188520,-0.811702,11.000000
0.005292,0.017457,-0.855315,11.000000
0.191116,0.005780,-0.853253,11.000000
0.237848,-0.021717,-0.826521,11.000000
-0.001038,-0.010779,-0.886163,11.000000
0.283598,0.090953,-0.803341,11.000000
0.270184,0.067449,-0.795047,11.000000
0.135227,0.114465,-0.890665,11.000000
-0.001127,-0.010488,-0.885729,11.000000
0.042939,-0.063917,-0.815814,11.000000
0.294092,0.047486,-0.781068,11.000000
0.227508,0.030895,-0.793631,11.000000
0.134196,-0.017614,-0.729550,11.000000
0.043286,-0.065398,-0.815960,11.000000
-0.114315,0.070518,-0.559386,12.000000
-0.202433,0.102105,-0.409412,12.000000
-0.175289,0.106214,-0.466555,12.000000
-0.163920,0.103253,-0.584321,12.000000
-0.214583,0.048467,-0.366096,12.000000
-0.246829,0.028451,-0.390816,12.000000
-0.213224,0.014493,-0.378887,12.000000
-0.180570,-0.001046,-0.403991,12.000000
-0.232079,0.080898,-0.403528,12.000000
-0.195057,0.065906,-0.590066,12.000000
-0.192634,0.066996,-0.381688,12.000000
-0.196216,0.130470,-0.482724,12.000000
-0.170983,0.116794,-0.424174,12.000000
-0.159675,0.061864,-0.423090,12.000000
-0.204211,0.059969,-0.383718,12.000000
-0.240990,0.057938,-0.379829,12.000000
-0.168468,0.115419,-0.407773,12.000000
-0.194892,0.116311,-0.476611,12.000000
-0.170071,0.163600,-0.488950,12.000000
-0.244221,0.029603,-0.390333,12.000000
-0.193991,0.065019,-0.383885,12.000000
-0.167024,0.118326,-0.408988,12.000000
-0.200881,0.104016,-0.408440,12.000000
-0.204552,0.058095,-0.382787,12.000000
-0.160163,0.061781,-0.425399,12.000000
-0.167685,0.119243,-0.408645,12.000000
-0.213189,0.048233,-0.367827,12.000000
-0.181157,0.000328,-0.404243,12.000000
-0.167080,0.118166,-0.408467,12.000000
-0.195482,0.130427,-0.483939,12.000000
0.231784,0.067902,-0.074892,13.000000
0.190194,0.086711,-0.062809,13.000000
0.145283,0.105006,-0.083315,13.000000
0.113664,0.118726,-0.066428,13.000000
0.225667,0.031506,-0.168229,13.000000
0.207131,0.039506,-0.096214,13.000000
0.172836,0.052792,-0.059243,13.000000
0.128683,0.072432,-0.082767,13.000000
0.091576,0.090440,-0.074463,13.000000
0.252884,-0.030820,-0.170573,13.000000
0.174416,0.004632,-0.030277,13.000000
0.125635,0.027601,-0.070644,13.000000
0.081327,0.044409,-0.073985,13.000000
0.195889,-0.068188,-0.132825,13.000000
0.159214,-0.049528,-0.127002,13.000000
0.109854,-0.027447,-0.174600,13.000000
0.104131,-0.024493,-0.038015,13.000000
0.070472,-0.078310,-0.124653,13.000000
0.040454,-0.066498,-0.070502,13.000000
0.072140,-0.118194,-0.140242,13.000000
0.123188,0.132217,-0.063612,13.000000
0.157762,0.132552,-0.106343,13.000000
0.177032,0.135695,-0.175628,13.000000
0.101660,0.074397,-0.073914,13.000000
0.144830,0.079820,-0.069129,13.000000
0.190466,0.082384,-0.056247,13.000000
0.232114,0.088418,-0.078250,13.000000
0.102012,0.031820,-0.072201,13.000000
0.148186,0.036324,-0.054869,13.000000
0.190891,0.037265,-0.073558,13.000000
0.191675,0.005117,-0.079197,13.000000
0.213493,0.008706,-0.158022,13.000000
0.038772,-0.070060,-0.137375,13.000000
0.127043,-0.062373,-0.123036,13.000000
0.167884,-0.058473,-0.135397,13.000000
0.208575,-0.057926,-0.157224,13.000000
0.243009,-0.051884,-0.165254,13.000000
0.097135,0.000440,-0.127950,13.000000
0.108589,0.037670,-0.120835,13.000000
0.135404,0.025602,-0.054299,13.000000
0.142444,0.068820,-0.130984,13.000000
0.164297,0.057331,-0.058854,13.000000
0.144565,0.122716,-0.085322,13.000000
0.194677,0.104436,-0.154155,13.000000
0.210976,0.096659,-0.082063,13.000000
0.245755,0.083274,-0.069452,13.000000
0.195933,0.088107,-0.051776,13.000000
0.157563,0.140854,-0.099828,13.000000
0.116154,0.140255,-0.078533,13.000000
0.194809,0.103837,-0.153746,13.000000
0.069895,-0.117699,-0.140060,13.000000
0.160127,0.142601,-0.098154,13.000000
0.173526,0.054926,-0.057177,13.000000
0.195082,0.101196,-0.152437,13.000000
0.120115,0.141336,-0.078555,13.000000
0.168933,-0.058700,-0.134863,13.000000
0.080022,0.046229,-0.076222,13.000000
0.090170,0.087943,-0.075860,13.000000
0.081565,0.042786,-0.075136,13.000000
0.245234,0.081193,-0.070144,13.000000
0.190715,0.040202,-0.075978,13.000000
0.173881,0.005065,-0.031089,13.000000
0.145360,0.124043,-0.083898,13.000000
0.079700,0.046063,-0.075217,13.000000
0.168411,-0.058988,-0.133742,13.000000
0.225811,0.031213,-0.168108,13.000000
0.146579,0.103952,-0.082667,13.000000
0.134558,0.027198,-0.054556,13.000000
0.129904,0.074048,-0.082200,13.000000
0.210090,-0.054013,-0.159810,13.000000
0.107461,-0.027086,-0.172816,13.000000
0.189324,0.082342,-0.055631,13.000000
0.069298,-0.080043,-0.124480,13.000000
0.188803,0.082096,-0.057055,13.000000
0.189900,0.006172,-0.078917,13.000000
0.080717,0.045897,-0.076251,13.000000
0.194446,0.040439,-0.074257,13.000000
0.244249,0.081083,-0.068296,13.000000
0.038135,-0.067276,-0.073039,13.000000
0.090044,0.089447,-0.076273,13.000000
0.193034,0.086905,-0.063561,13.000000
0.117979,0.140482,-0.081282,13.000000
0.159333,-0.050246,-0.127747,13.000000
0.192934,0.089363,-0.054018,13.000000
0.128755,-0.062748,-0.123769,13.000000
0.105102,0.031596,-0.071003,13.000000
0.156139,-0.049402,-0.127422,13.000000
0.163449,0.057614,-0.058894,13.000000
0.191332,0.038460,-0.073053,13.000000
0.194075,0.089140,-0.052295,13.000000
0.231205,0.069633,-0.071835,13.000000
0.106687,0.040708,-0.121407,13.000000
0.129280,0.075595,-0.084299,13.000000
0.156930,0.132849,-0.104225,13.000000
0.104906,0.029614,-0.072005,13.000000
0.274741,0.115106,-0.619428,14.000000
0.279405,0.115439,-0.443275,14.000000
0.237482,0.133915,-0.609448,14.000000
0.345363,0.019088,-0.547662,14.000000
0.307029,0.035808,-0.520369,14.000000
0.261936,0.057646,-0.561284,14.000000
0.224918,0.074273,-0.571871,14.000000
0.297584,0.002401,-0.513608,14.000000
0.218164,-0.015551,-0.444500,14.000000
0.255785,-0.029341,-0.453303,14.000000
0.228738,0.140748,-0.617229,14.000000
0.274634,0.142995,-0.627061,14.000000
0.264581,0.088690,-0.426126,14.000000
0.224325,0.087886,-0.567711,14.000000
0.236094,0.042222,-0.534161,14.000000
0.277183,0.046070,-0.533166,14.000000
0.318732,0.049505,-0.544204,14.000000
0.282064,0.013009,-0.499012,14.000000
0.318645,0.017197,-0.539547,14.000000
0.196213,-0.055028,-0.662117,14.000000
0.183475,-0.106710,-0.483486,14.000000
0.225525,-0.104564,-0.481040,14.000000
0.231065,-0.147280,-0.449972,14.000000
0.231724,0.085963,-0.576355,14.000000
0.331853,0.040937,-0.547009,14.000000
0.248859,0.139118,-0.609117,14.000000
0.287942,0.121760,-0.627041,14.000000
0.262208,0.151144,-0.628802,14.000000
0.285887,0.013968,-0.499743,14.000000
0.344394,0.020782,-0.548299,14.000000
0.223981,0.085465,-0.567042,14.000000
0.277142,0.045512,-0.534862,14.000000
0.237607,0.132423,-0.609565,14.000000
0.236120,0.044252,-0.534154,14.000000
0.229344,0.085290,-0.579199,14.000000
0.263968,0.151849,-0.629507,14.000000
0.300276,0.001807,-0.515025,14.000000
0.287170,0.122071,-0.628971,14.000000
0.230943,-0.145537,-0.451167,14.000000
0.230137,0.139676,-0.619379,14.000000
0.332603,0.041847,-0.545470,14.000000
0.319322,0.014694,-0.537032,14.000000
0.283910,0.013829,-0.499113,14.000000
0.320024,0.050132,-0.544550,14.000000
0.299025,0.001166,-0.515456,14.000000
0.255797,-0.029077,-0.451795,14.000000
0.284613,0.012421,-0.500402,14.000000
0.223389,-0.105323,-0.478804,14.000000
0.228912,-0.146939,-0.452173,14.000000
0.285700,0.013335,-0.498085,14.000000
0.284447,0.016735,-0.498614,14.000000
0.318486,0.016883,-0.538236,14.000000
0.198491,-0.056266,-0.661745,14.000000
0.280471,0.112356,-0.443541,14.000000
0.320460,0.050180,-0.542754,14.000000
0.277994,0.047504,-0.530885,14.000000
0.222819,0.085140,-0.567686,14.000000
0.115279,0.183691,-0.318780,15.000000
0.051935,0.208959,-0.378124,15.000000
0.091351,0.129385,-0.315065,15.000000
0.048101,0.148488,-0.298943,15.000000
-0.001983,0.170489,-0.357486,15.000000
0.074647,0.095562,-0.278443,15.000000
0.024436,0.117098,-0.310586,15.000000
0.013608,0.075337,-0.326802,15.000000
0.031877,0.213320,-0.212285,15.000000
0.022800,0.212673,-0.390430,15.000000
0.068869,0.213398,-0.374218,15.000000
-0.015216,0.178339,-0.349875,15.000000
0.026311,0.182346,-0.354347,15.000000
0.084584,0.188314,-0.291114,15.000000
0.000265,0.120732,-0.326106,15.000000
0.055153,0.125487,-0.295864,15.000000
0.026097,0.067197,-0.320427,15.000000
-0.027616,0.097582,-0.362527,15.000000
0.005345,0.082858,-0.342766,15.000000
-0.033274,0.143434,-0.353878,15.000000
0.004025,0.127827,-0.357999,15.000000
0.025868,0.118584,-0.293251,15.000000
0.065826,0.101146,-0.286267,15.000000
-0.021588,0.198939,-0.356429,15.000000
0.011727,0.185289,-0.354441,15.000000
0.075810,0.154256,-0.290647,15.000000
0.037238,0.236175,-0.400281,15.000000
0.066504,0.222281,-0.373243,15.000000
0.089230,0.210468,-0.307678,15.000000
0.120187,0.196384,-0.314572,15.000000
0.014419,0.075844,-0.342525,15.000000
0.079665,0.136396,-0.278650,15.000000
0.014451,0.133914,-0.365115,15.000000
-0.027947,0.128522,-0.349658,15.000000
0.089252,0.222334,-0.368942,15.000000
0.049085,0.221004,-0.381042,15.000000
0.139077,0.188643,-0.308384,15.000000
0.100347,0.184667,-0.317967,15.000000
0.037667,0.182037,-0.362374,15.000000
-0.002212,0.177921,-0.353814,15.000000
0.012572,0.076104,-0.326334,15.000000
0.141029,0.188177,-0.307583,15.000000
0.089090,0.222429,-0.371209,15.000000
0.100049,0.185535,-0.318500,15.000000
0.027214,0.182975,-0.352227,15.000000
0.035806,0.233320,-0.398910,15.000000
0.052584,0.211548,-0.375838,15.000000
0.025855,0.183230,-0.355898,15.000000
0.122667,0.195819,-0.311872,15.000000
0.003680,0.128923,-0.359446,15.000000
0.037827,0.181877,-0.361411,15.000000
0.087334,0.185868,-0.290312,15.000000
-0.022535,0.198400,-0.357769,15.000000
0.075820,0.155068,-0.291618,15.000000
0.052845,0.210981,-0.374911,15.000000
0.070524,0.214118,-0.374906,15.000000
0.028064,0.183993,-0.352676,15.000000
-0.003349,0.175343,-0.354958,15.000000
0.115050,0.184555,-0.321911,15.000000
0.078559,0.136523,-0.277354,15.000000
0.089083,0.225042,-0.369433,15.000000
-0.000591,0.178918,-0.353632,15.000000
-0.020877,0.200016,-0.358302,15.000000
0.037050,0.233510,-0.398416,15.000000
0.049616,0.151215,-0.299446,15.000000
0.084308,0.186981,-0.293430,15.000000
0.005894,0.081311,-0.344991,15.000000
0.012614,0.077904,-0.325728,15.000000
-0.013700,0.177271,-0.346963,15.000000
0.053634,0.211911,-0.376727,15.000000
0.011475,0.181284,-0.356856,15.000000
0.140212,0.188821,-0.307253,15.000000
-0.026375,0.098087,-0.360115,15.000000
-0.001377,0.170195,-0.359391,15.000000
0.001021,0.119833,-0.328354,15.000000
0.037880,0.235208,-0.400485,15.000000
0.088586,0.211558,-0.304508,15.000000
0.077795,0.137542,-0.277992,15.000000
0.051822,0.213368,-0.376447,15.000000
0.011774,0.130536,-0.362850,15.000000
0.070772,0.214454,-0.371388,15.000000
0.014758,0.134113,-0.362969,15.000000
-0.199154,0.050651,-0.160423,16.000000
-0.117191,-0.020957,-0.210709,16.000000
-0.282825,-0.270794,-0.208498,16.000000
-0.324149,-0.205796,-0.221853,16.000000
-0.296773,-0.219875,-0.174521,16.000000
-0.357171,-0.142753,-0.156447,16.000000
-0.320535,-0.157872,-0.159846,16.000000
-0.285245,-0.173827,-0.150917,16.000000
-0.347443,-0.085117,-0.306770,16.000000
-0.332513,-0.090032,-0.173978,16.000000
-0.302521,-0.104280,-0.196888,16.000000
-0.344904,-0.015578,-0.298463,16.000000
-0.310425,-0.030268,-0.289975,16.000000
-0.274019,-0.048475,-0.305830,16.000000
-0.254851,-0.055223,-0.208319,16.000000
-0.217286,-0.068912,-0.206016,16.000000
-0.321228,0.017496,-0.224076,16.000000
-0.284249,-0.001099,-0.259526,16.000000
-0.245548,-0.018410,-0.249960,16.000000
-0.210032,-0.033086,-0.244245,16.000000
-0.177759,-0.049649,-0.272136,16.000000
-0.236083,0.024783,-0.246630,16.000000
-0.199402,0.007175,-0.251914,16.000000
-0.176992,-0.001595,-0.220284,16.000000
-0.229753,0.077591,-0.227079,16.000000
-0.220596,-0.252615,-0.225424,16.000000
-0.262364,-0.257960,-0.191704,16.000000
-0.276299,-0.219458,-0.177712,16.000000
-0.313968,-0.223420,-0.179361,16.000000
-0.234128,-0.153455,-0.206789,16.000000
-0.272885,-0.155360,-0.241397,16.000000
-0.317367,-0.162134,-0.160498,16.000000
-0.343274,-0.159258,-0.218801,16.000000
-0.228844,-0.094135,-0.315185,16.000000
-0.290581,-0.098272,-0.175115,16.000000
-0.160844,-0.040789,-0.271162,16.000000
-0.218834,-0.047125,-0.136553,16.000000
-0.243319,-0.048691,-0.206587,16.000000
-0.292662,-0.054032,-0.158132,16.000000
-0.328985,-0.054533,-0.139254,16.000000
-0.303227,-0.054086,-0.308663,16.000000
-0.339935,-0.054507,-0.293202,16.000000
-0.276038,-0.007374,-0.256598,16.000000
-0.317243,-0.014344,-0.221800,16.000000
-0.342823,-0.013835,-0.303108,16.000000
-0.167497,-0.003259,-0.238180,16.000000
-0.198290,-0.003621,-0.249800,16.000000
-0.242656,-0.004725,-0.256204,16.000000
-0.204089,0.059254,-0.171209,16.000000
-0.245826,0.111409,-0.214713,16.000000
-0.323759,0.016323,-0.221967,16.000000
-0.174618,-0.047139,-0.272309,16.000000
-0.221176,-0.044617,-0.135651,16.000000
-0.247462,-0.019666,-0.248159,16.000000
-0.316109,-0.160469,-0.161717,16.000000
-0.330795,-0.052418,-0.141615,16.000000
-0.311188,-0.030309,-0.289184,16.000000
-0.252631,-0.053485,-0.210007,16.000000
-0.269205,-0.155819,-0.242201,16.000000
-0.178406,-0.002105,-0.219399,16.000000
-0.202695,0.010435,-0.252970,16.000000
-0.285276,-0.002210,-0.261633,16.000000
-0.222076,-0.252561,-0.225192,16.000000
-0.268677,-0.155929,-0.240596,16.000000
-0.344407,-0.014183,-0.301574,16.000000
-0.340752,-0.014130,-0.301178,16.000000
-0.211871,-0.035371,-0.245517,16.000000
-0.274613,-0.220259,-0.178260,16.000000
-0.284661,-0.268475,-0.209914,16.000000
-0.237217,-0.153559,-0.205919,16.000000
-0.329884,-0.056173,-0.143148,16.000000
-0.275681,-0.217015,-0.178491,16.000000
-0.343573,-0.013929,-0.301858,16.000000
-0.311792,-0.221839,-0.180737,16.000000
-0.175744,-0.003206,-0.219309,16.000000
-0.302241,-0.052965,-0.309648,16.000000
-0.248199,-0.016392,-0.250362,16.000000
-0.348610,-0.086781,-0.307893,16.000000
-0.274126,-0.046393,-0.306648,16.000000
-0.176094,-0.000965,-0.220042,16.000000
-0.200916,0.009014,-0.253108,16.000000
-0.245514,-0.016289,-0.250244,16.000000
-0.320484,-0.156967,-0.157416,16.000000
-0.235177,0.026004,-0.247113,16.000000
-0.246321,-0.017640,-0.248219,16.000000
-0.321414,0.016696,-0.225888,16.000000
-0.243612,-0.047826,-0.209194,16.000000
-0.234352,0.024848,-0.245578,16.000000
-0.330327,-0.055579,-0.143920,16.000000
-0.285162,-0.171307,-0.151408,16.000000
-0.253228,-0.053516,-0.208950,16.000000
-0.299606,-0.217920,-0.174541,16.000000
-0.276024,-0.010554,-0.256188,16.000000
-0.241168,-0.006582,-0.255661,16.000000
-0.342870,-0.012392,-0.298716,16.000000
-0.176987,-0.001322,-0.221085,16.000000
-0.281639,-0.000782,-0.259622,16.000000
-0.246784,0.112607,-0.214830,16.000000
-0.276269,-0.007908,-0.252127,16.000000
-0.287713,-0.173964,-0.151241,16.000000
-0.192073,-0.118180,-0.017709,17.000000
-0.146338,-0.020976,0.000477,17.000000
-0.280996,-0.111500,-0.089295,17.000000
-0.190351,-0.153168,-0.025276,17.000000
-0.275622,-0.045911,-0.105389,17.000000
-0.228901,-0.065188,0.058986,17.000000
-0.200863,-0.077846,-0.089142,17.000000
-0.188498,-0.083290,0.011474,17.000000
-0.139910,-0.016369,0.009071,17.000000
-0.069214,-0.047311,0.022468,17.000000
-0.147409,-0.147923,-0.028006,17.000000
-0.183724,-0.089797,0.015085,17.000000
-0.221913,-0.094205,0.064161,17.000000
-0.237528,-0.094300,-0.068886,17.000000
-0.272354,-0.099334,-0.079796,17.000000
-0.137879,0.002109,0.011222,17.000000
-0.270936,-0.097414,-0.080035,17.000000
-0.191552,-0.154012,-0.024720,17.000000
-0.271403,-0.044538,-0.103347,17.000000
-0.138304,0.000714,0.012907,17.000000
-0.193219,-0.117177,-0.018013,17.000000
-0.194470,-0.116652,-0.019763,17.000000
-0.182837,-0.090815,0.017061,17.000000
0.069636,0.264197,-0.655410,18.000000
0.030304,0.281939,-0.676768,18.000000
0.073245,0.202842,-0.743276,18.000000
0.064497,0.204956,-0.638776,18.000000
0.024514,0.222902,-0.647262,18.000000
0.025942,0.157316,-0.544002,18.000000
-0.010791,0.136711,-0.607750,18.000000
0.068738,0.258318,-0.650733,18.000000
0.080538,0.261652,-0.749955,18.000000
-0.008786,0.252738,-0.619292,18.000000
-0.048343,0.205699,-0.624137,18.000000
-0.000109,0.211534,-0.631775,18.000000
0.036331,0.215059,-0.645705,18.000000
0.058575,0.216063,-0.719349,18.000000
0.094623,0.218947,-0.753834,18.000000
-0.124666,0.168000,-0.563351,18.000000
-0.092513,0.169573,-0.580468,18.000000
-0.049378,0.173838,-0.607144,18.000000
0.019235,0.180868,-0.538625,18.000000
0.059590,0.185942,-0.725234,18.000000
0.090229,0.187745,-0.788775,18.000000
-0.113352,0.108615,-0.704738,18.000000
-0.088920,0.058137,-0.705151,18.000000
-0.107358,0.088666,-0.573580,18.000000
-0.081080,0.077155,-0.712496,18.000000
-0.062169,0.068322,-0.621157,18.000000
-0.124784,0.139895,-0.571528,18.000000
-0.090176,0.125541,-0.561915,18.000000
0.003802,0.084088,-0.539361,18.000000
-0.026732,0.138643,-0.612637,18.000000
0.007052,0.124746,-0.590087,18.000000
0.008832,0.183414,-0.540058,18.000000
0.041884,0.230006,-0.624384,18.000000
0.099368,0.206606,-0.772371,18.000000
0.049457,0.265530,-0.662712,18.000000
0.078816,0.251743,-0.656128,18.000000
0.087334,0.295162,-0.668412,18.000000
-0.023244,0.073018,-0.545945,18.000000
-0.015500,0.130489,-0.618062,18.000000
-0.099787,0.123194,-0.563128,18.000000
0.088751,0.280735,-0.671467,18.000000
0.050035,0.277744,-0.679335,18.000000
0.061942,0.222788,-0.638187,18.000000
0.020939,0.218720,-0.638763,18.000000
-0.016489,0.216075,-0.661198,18.000000
0.014355,0.179406,-0.641814,18.000000
-0.033162,0.176605,-0.604560,18.000000
-0.076419,0.171738,-0.603371,18.000000
-0.115840,0.169450,-0.573208,18.000000
0.088599,0.293721,-0.669974,18.000000
-0.010739,0.252142,-0.618731,18.000000
0.063161,0.207992,-0.639436,18.000000
-0.010400,0.135388,-0.609477,18.000000
-0.107410,0.088715,-0.574228,18.000000
0.006069,0.083541,-0.537284,18.000000
-0.046417,0.206045,-0.622141,18.000000
-0.124854,0.168971,-0.567504,18.000000
0.080723,0.255999,-0.655061,18.000000
0.061149,0.183071,-0.724366,18.000000
-0.126802,0.143543,-0.572394,18.000000
0.088042,0.278679,-0.672464,18.000000
0.052968,0.276922,-0.679790,18.000000
-0.090903,0.126353,-0.560670,18.000000
0.098413,0.202753,-0.775244,18.000000
-0.025114,0.141225,-0.611794,18.000000
0.009637,0.183390,-0.540616,18.000000
-0.050777,0.175568,-0.606366,18.000000
0.024651,0.226324,-0.646232,18.000000
0.089107,0.281011,-0.671533,18.000000
0.022719,0.220349,-0.635002,18.000000
-0.011320,0.137002,-0.608549,18.000000
0.014149,0.179078,-0.642370,18.000000
-0.100321,0.122406,-0.562769,18.000000
0.087344,0.294513,-0.671290,18.000000
-0.126072,0.140824,-0.574015,18.000000
0.062836,0.215707,-0.717239,18.000000
-0.106340,0.090436,-0.572162,18.000000
-0.089083,0.057512,-0.704030,18.000000
0.027467,0.224744,-0.648017,18.000000
-0.045261,0.207349,-0.624067,18.000000
-0.025048,0.140184,-0.614021,18.000000
-0.127125,0.141454,-0.571686,18.000000
-0.113949,0.109987,-0.706577,18.000000
0.031797,0.281903,-0.679098,18.000000
0.071115,0.261816,-0.655144,18.000000
0.034813,0.211955,-0.646671,18.000000
0.063182,0.221520,-0.638311,18.000000
0.087784,0.295464,-0.671523,18.000000
0.008677,0.127761,-0.590239,18.000000
-0.088102,0.061355,-0.703405,18.000000
-0.127184,0.140752,-0.574428,18.000000
-0.107833,0.088981,-0.572641,18.000000
-0.033084,0.176487,-0.605126,18.000000
-0.125642,0.140555,-0.571433,18.000000
-0.024297,0.142313,-0.610200,18.000000
0.136595,0.172367,0.082701,19.000000
0.037763,0.217284,0.018796,19.000000
-0.000673,0.232232,0.024193,19.000000
0.070780,0.138585,0.091896,19.000000
0.009660,0.164689,-0.001441,19.000000
-0.028067,0.179893,-0.002531,19.000000
0.124581,0.075011,0.052906,19.000000
0.047530,0.107381,0.082369,19.000000
-0.041638,0.148377,0.066167,19.000000
0.070390,0.050239,0.022403,19.000000
0.036629,0.064753,0.065300,19.000000
-0.011102,0.085329,0.030465,19.000000
0.014624,0.212238,0.023552,19.000000
-0.033107,0.175901,0.043443,19.000000
0.008287,0.177834,0.009033,19.000000
-0.032321,0.117430,0.006399,19.000000
0.013926,0.121805,0.018986,19.000000
0.073894,0.126354,0.091042,19.000000
0.010930,0.068025,0.075325,19.000000
0.053120,0.070873,0.081962,19.000000
0.095358,0.075329,0.058969,19.000000
-0.009918,0.021421,0.010684,19.000000
-0.036422,0.061001,-0.005620,19.000000
0.000793,0.044456,0.005742,19.000000
-0.053183,0.110747,0.018442,19.000000
-0.021101,0.097928,0.003305,19.000000
0.045155,0.067956,0.070027,19.000000
-0.028369,0.141716,0.008150,19.000000
0.010440,0.126242,0.018630,19.000000
0.036167,0.113413,0.062741,19.000000
0.105382,0.083177,0.051084,19.000000
-0.016282,0.194622,-0.009667,19.000000
0.017126,0.180115,0.013651,19.000000
0.050462,0.168794,0.042291,19.000000
0.077398,0.153362,0.080691,19.000000
0.130525,0.083418,0.061357,19.000000
0.093038,0.081493,0.043824,19.000000
0.015614,0.077251,0.069129,19.000000
-0.014924,0.076015,0.009361,19.000000
-0.050565,0.070479,0.017332,19.000000
0.018080,0.133444,0.022005,19.000000
-0.020904,0.127774,0.009026,19.000000
-0.049821,0.125083,0.000656,19.000000
0.010694,0.218757,0.020213,19.000000
0.101584,0.185593,0.071426,19.000000
-0.000338,0.177734,0.008775,19.000000
-0.026666,0.176715,-0.040050,19.000000
0.041369,0.069718,0.069688,19.000000
-0.032057,0.118105,0.008480,19.000000
0.019815,0.179887,0.013637,19.000000
0.049819,0.108929,0.079945,19.000000
-0.030080,0.116528,0.006262,19.000000
0.017490,0.178405,0.015217,19.000000
0.001801,0.233314,0.025079,19.000000
-0.020008,0.094859,0.003188,19.000000
-0.017029,0.074450,0.011064,19.000000
0.074076,0.125549,0.089625,19.000000
-0.010560,0.084390,0.031821,19.000000
0.045155,0.070307,0.069437,19.000000
0.078629,0.156594,0.080954,19.000000
0.070180,0.137695,0.094309,19.000000
-0.038873,0.147477,0.068700,19.000000
0.000828,0.231840,0.025710,19.000000
-0.043649,0.145703,0.069004,19.000000
0.077722,0.155609,0.079978,19.000000
0.018742,0.131884,0.022341,19.000000
-0.040503,0.148605,0.067660,19.000000
-0.017019,0.194472,-0.009039,19.000000
0.055988,0.070069,0.078681,19.000000
0.010289,0.217176,0.020290,19.000000
0.106317,0.082282,0.053575,19.000000
0.015781,0.076002,0.066226,19.000000
-0.027489,0.181449,-0.003509,19.000000
-0.035419,0.177660,0.042703,19.000000
-0.016935,0.072831,0.010701,19.000000
-0.026322,0.181268,-0.003033,19.000000
-0.000569,0.177264,0.009440,19.000000
-0.012560,0.086144,0.032606,19.000000
0.048707,0.107000,0.078840,19.000000
-0.022287,0.129050,0.008624,19.000000
0.069832,0.049478,0.020364,19.000000
0.135815,0.172665,0.084276,19.000000
0.095496,0.075585,0.056659,19.000000
-0.051698,0.126022,-0.003018,19.000000
0.000157,0.179037,0.010276,19.000000
0.123803,0.073863,0.053892,19.000000
0.073653,0.125210,0.091475,19.000000
-0.014281,0.195727,-0.008346,19.000000
-0.040593,0.148282,0.067143,19.000000
-0.026394,0.176277,-0.037902,19.000000
0.057395,0.070789,0.081434,19.000000
0.079275,0.155558,0.081119,19.000000
-0.025512,0.176000,-0.040223,19.000000
0.050381,0.167631,0.043164,19.000000
0.130781,0.084063,0.061055,19.000000
-0.047958,0.070379,0.016224,19.000000
0.079232,0.155490,0.081715,19.000000
0.000780,0.232231,0.024780,19.000000
0.133380,-0.147857,0.563030,20.000000
0.159447,-0.212530,0.448185,20.000000
0.124524,-0.200030,0.465749,20.000000
0.091520,-0.183349,0.482835,20.000000
0.048725,-0.163517,0.463911,20.000000
0.007939,-0.144918,0.473095,20.000000
0.124589,-0.257620,0.452477,20.000000
0.087365,-0.238727,0.443741,20.000000
0.077679,-0.236267,0.576963,20.000000
0.007685,-0.204710,0.455010,20.000000
-0.001912,-0.201572,0.557534,20.000000
0.021876,-0.165864,0.509774,20.000000
0.127666,-0.151698,0.574605,20.000000
-0.009259,-0.203525,0.529277,20.000000
0.016651,-0.202597,0.460081,20.000000
0.076467,-0.196791,0.500601,20.000000
0.102695,-0.195076,0.463730,20.000000
0.145066,-0.190611,0.466426,20.000000
0.071806,-0.260039,0.425628,20.000000
0.122076,-0.255261,0.455680,20.000000
0.075817,-0.260523,0.576831,20.000000
0.061976,-0.264060,0.572138,20.000000
0.044313,-0.183455,0.494731,20.000000
0.073388,-0.195681,0.516343,20.000000
0.096640,-0.206914,0.588859,20.000000
0.124316,-0.219714,0.450970,20.000000
0.159669,-0.194976,0.466174,20.000000
0.149814,-0.226889,0.450784,20.000000
0.083993,-0.231171,0.600809,20.000000
0.057342,-0.233855,0.534468,20.000000
0.050889,-0.194602,0.500516,20.000000
-0.027075,-0.199845,0.520206,20.000000
0.139139,-0.189288,0.470089,20.000000
0.084511,-0.193147,0.518230,20.000000
0.085214,-0.192339,0.518135,20.000000
0.124611,-0.254520,0.449900,20.000000
0.148185,-0.190942,0.467409,20.000000
0.158049,-0.213777,0.448814,20.000000
0.129086,-0.155838,0.574141,20.000000
0.075758,-0.197062,0.514636,20.000000
0.058001,-0.230007,0.534657,20.000000
0.057706,-0.231890,0.532797,20.000000
-0.007812,-0.201633,0.527168,20.000000
0.122904,-0.255510,0.457845,20.000000
0.085833,-0.230904,0.600928,20.000000
0.050943,-0.195073,0.498691,20.000000
0.007394,-0.146417,0.473907,20.000000
0.126777,-0.198285,0.463740,20.000000
0.135744,-0.190116,0.469575,20.000000
0.150668,-0.224916,0.450982,20.000000
0.087135,-0.238820,0.446063,20.000000
0.126372,-0.197633,0.465010,20.000000
0.074556,-0.260594,0.576285,20.000000
0.016058,-0.199267,0.460380,20.000000
0.122906,-0.219200,0.448903,20.000000
0.075221,-0.195578,0.502645,20.000000
0.050486,-0.194733,0.499571,20.000000
0.134193,-0.147748,0.563338,20.000000
0.047987,-0.163124,0.464706,20.000000
0.075883,-0.196145,0.500749,20.000000
0.048332,-0.164262,0.464124,20.000000
0.023718,-0.163580,0.511929,20.000000
0.102665,-0.194813,0.462535,20.000000
0.050596,-0.195092,0.500267,20.000000
-0.176999,-0.011985,0.270742,21.000000
-0.211165,0.003003,0.331236,21.000000
-0.273538,-0.021692,0.180545,21.000000
-0.164891,0.011646,0.235813,21.000000
-0.265287,-0.030270,0.195267,21.000000
-0.192306,-0.024829,0.312151,21.000000
-0.225965,-0.028097,0.188075,21.000000
-0.172278,-0.092027,0.103860,21.000000
-0.150182,-0.097948,0.198199,21.000000
-0.119810,-0.111674,0.232437,21.000000
-0.245269,-0.015390,0.151425,21.000000
-0.213328,-0.028875,0.174057,21.000000
-0.195394,-0.038466,0.270846,21.000000
-0.178457,-0.044453,0.131911,21.000000
-0.137562,-0.064386,0.148387,21.000000
-0.120054,-0.074152,0.237798,21.000000
-0.184901,0.004935,0.294725,21.000000
-0.144136,-0.014602,0.242019,21.000000
-0.104956,-0.033607,0.209524,21.000000
-0.105267,-0.084102,0.238901,21.000000
-0.128442,-0.084500,0.161494,21.000000
-0.161272,-0.089354,0.118618,21.000000
-0.097912,-0.038528,0.220439,21.000000
-0.138339,-0.039373,0.238778,21.000000
-0.159876,-0.042867,0.125025,21.000000
-0.199303,-0.044039,0.169239,21.000000
-0.237441,-0.046702,0.176765,21.000000
-0.118242,0.002834,0.308764,21.000000
-0.140479,-0.000288,0.237037,21.000000
-0.193606,-0.003123,0.313066,21.000000
-0.186255,0.003358,0.296456,21.000000
-0.096638,-0.037540,0.221184,21.000000
-0.195596,-0.037767,0.274309,21.000000
-0.159080,-0.085688,0.121195,21.000000
-0.149968,-0.099529,0.201368,21.000000
-0.268089,-0.029441,0.193899,21.000000
-0.266548,-0.028877,0.197412,21.000000
-0.212587,-0.030608,0.170764,21.000000
-0.140682,-0.063130,0.147688,21.000000
-0.117790,0.002716,0.306172,21.000000
-0.103497,-0.031024,0.208415,21.000000
-0.150651,-0.098973,0.199012,21.000000
-0.150748,-0.100166,0.199582,21.000000
-0.209691,0.005222,0.332481,21.000000
-0.227122,-0.027664,0.187049,21.000000
-0.210664,0.003302,0.331781,21.000000
-0.177839,-0.047100,0.133338,21.000000
-0.104801,-0.081280,0.235897,21.000000
-0.150338,-0.098837,0.198711,21.000000
-0.121877,-0.113957,0.233668,21.000000
-0.180225,-0.046434,0.134398,21.000000
-0.245288,-0.015052,0.152889,21.000000
-0.139454,-0.063218,0.148300,21.000000
-0.234914,-0.047295,0.177728,21.000000
-0.271540,-0.022201,0.180547,21.000000
-0.236238,-0.046343,0.174847,21.000000
-0.096713,-0.034134,0.220970,21.000000
-0.210834,0.003783,0.328605,21.000000
-0.123142,-0.110544,0.231349,21.000000
-0.194913,-0.037779,0.271871,21.000000
-0.121284,-0.114084,0.229431,21.000000
-0.129920,-0.085812,0.161938,21.000000
-0.190598,-0.003664,0.312590,21.000000
-0.191267,-0.003181,0.310245,21.000000
-0.141479,-0.015131,0.238063,21.000000
-0.096604,-0.035943,0.221830,21.000000
0.025327,0.224712,-0.193462,22.000000
-0.009730,0.238183,-0.176584,22.000000
0.007612,0.166769,-0.176581,22.000000
-0.033453,0.182140,-0.148207,22.000000
-0.012445,0.134524,-0.169481,22.000000
-0.076751,0.162153,-0.073032,22.000000
-0.087536,0.115230,-0.077057,22.000000
-0.121349,0.133559,-0.068892,22.000000
-0.004854,0.021860,-0.159734,22.000000
-0.070794,0.052185,-0.080556,22.000000
-0.179542,0.099919,-0.173852,22.000000
-0.015930,0.253210,-0.179967,22.000000
-0.000538,0.211615,-0.178414,22.000000
-0.151727,0.167964,-0.066149,22.000000
-0.114548,0.169731,-0.080330,22.000000
-0.042212,0.175018,-0.148475,22.000000
-0.001090,0.180048,-0.174159,22.000000
0.027598,0.179925,-0.199775,22.000000
-0.221947,0.101044,-0.187826,22.000000
-0.161301,0.108576,-0.118550,22.000000
-0.109905,0.109972,-0.075349,22.000000
-0.157921,0.052928,-0.205451,22.000000
-0.082443,0.061000,-0.075429,22.000000
-0.015007,0.065475,-0.170295,22.000000
-0.195426,0.065406,-0.168363,22.000000
-0.121748,0.032933,-0.214474,22.000000
-0.092289,0.017211,-0.167967,22.000000
-0.177012,0.121604,-0.178025,22.000000
-0.151053,0.112273,-0.119424,22.000000
-0.121629,0.097013,-0.082689,22.000000
-0.086689,0.082133,-0.073995,22.000000
-0.032132,0.057239,-0.232296,22.000000
-0.138950,0.149032,-0.098331,22.000000
-0.107958,0.135305,-0.070818,22.000000
-0.116012,0.181567,-0.107622,22.000000
-0.078770,0.163805,-0.066219,22.000000
-0.028189,0.143366,-0.179828,22.000000
-0.020390,0.199475,-0.177410,22.000000
0.014508,0.181654,-0.177793,22.000000
-0.004133,0.254155,-0.181979,22.000000
-0.017835,0.075449,-0.198844,22.000000
-0.068932,0.067270,-0.074398,22.000000
-0.107301,0.067387,-0.089889,22.000000
-0.024574,0.129237,-0.178204,22.000000
-0.076374,0.122384,-0.067168,22.000000
-0.114111,0.121942,-0.073699,22.000000
-0.148168,0.118090,-0.117325,22.000000
-0.209436,0.116026,-0.190671,22.000000
0.011203,0.219952,-0.181199,22.000000
-0.027625,0.213718,-0.155054,22.000000
0.000283,0.178199,-0.166118,22.000000
-0.035137,0.173836,-0.161868,22.000000
-0.090434,0.170839,-0.066942,22.000000
-0.134834,0.168271,-0.072805,22.000000
-0.015578,0.137251,-0.172282,22.000000
-0.106839,0.065749,-0.091047,22.000000
0.027793,0.180544,-0.200275,22.000000
-0.003763,0.177036,-0.167899,22.000000
0.008422,0.218939,-0.180207,22.000000
-0.082767,0.059898,-0.072698,22.000000
-0.022182,0.198817,-0.174336,22.000000
-0.012923,0.065032,-0.171131,22.000000
-0.027340,0.217074,-0.153762,22.000000
-0.012988,0.134956,-0.169531,22.000000
-0.035561,0.175556,-0.161731,22.000000
-0.092005,0.019467,-0.168010,22.000000
-0.085831,0.119007,-0.076928,22.000000
-0.079697,0.161261,-0.072912,22.000000
-0.085214,0.119199,-0.077955,22.000000
-0.015323,0.135556,-0.171075,22.000000
-0.076246,0.163459,-0.073442,22.000000
-0.132812,0.164948,-0.071681,22.000000
0.024468,0.223349,-0.193343,22.000000
-0.040741,0.173365,-0.147584,22.000000
-0.090239,0.171398,-0.067634,22.000000
-0.004352,0.253060,-0.182811,22.000000
-0.136090,0.164050,-0.074577,22.000000
-0.004898,0.020477,-0.160113,22.000000
-0.138270,0.150706,-0.096296,22.000000
-0.123622,0.032284,-0.212808,22.000000
-0.077059,0.161990,-0.073826,22.000000
-0.115434,0.171332,-0.082172,22.000000
-0.148701,0.116630,-0.117507,22.000000
-0.014402,0.075331,-0.195859,22.000000
-0.134152,0.165777,-0.073156,22.000000
-0.109728,0.108491,-0.076326,22.000000
-0.153667,0.165158,-0.066789,22.000000
-0.021177,0.197690,-0.175229,22.000000
-0.175227,0.122234,-0.176944,22.000000
-0.016112,0.134937,-0.170077,22.000000
-0.031844,0.058797,-0.230539,22.000000
-0.029070,0.058244,-0.232409,22.000000
-0.028931,0.143145,-0.179732,22.000000
-0.114857,0.180207,-0.106920,22.000000
-0.161374,0.106242,-0.119395,22.000000
-0.013266,0.252593,-0.181782,22.000000
-0.086295,0.116992,-0.078976,22.000000
-0.113793,0.180096,-0.105414,22.000000
-0.021614,0.197917,-0.175352,22.000000
-0.121500,0.098106,-0.083179,22.000000
-0.067396,0.067372,-0.073108,22.000000
0.141745,-0.150816,0.296091,23.000000
0.142256,-0.204390,0.231773,23.000000
0.126231,-0.199030,0.323653,23.000000
0.045982,-0.162324,0.302598,23.000000
0.026188,-0.071329,0.274369,23.000000
0.079536,-0.066421,0.299902,23.000000
0.043812,-0.118522,0.276678,23.000000
0.013649,-0.167082,0.326276,23.000000
0.054559,-0.162514,0.305893,23.000000
0.097899,-0.159760,0.311898,23.000000
0.133275,-0.155474,0.280200,23.000000
0.115521,-0.157534,0.211400,23.000000
0.017921,-0.199263,0.316537,23.000000
0.068739,-0.198143,0.338027,23.000000
0.106380,-0.194321,0.320071,23.000000
0.107622,-0.212376,0.338285,23.000000
0.011288,-0.196504,0.329811,23.000000
0.125048,-0.190616,0.313538,23.000000
0.126048,-0.197094,0.321155,23.000000
0.070275,-0.195715,0.339597,23.000000
0.131705,-0.152269,0.279187,23.000000
0.045933,-0.164760,0.303831,23.000000
0.108642,-0.211600,0.336768,23.000000
0.069520,-0.196610,0.337404,23.000000
0.018397,-0.202569,0.317994,23.000000
0.098999,-0.159972,0.310163,23.000000
0.045079,-0.162283,0.303117,23.000000
0.082680,-0.066530,0.302362,23.000000
0.125746,-0.189278,0.313855,23.000000
0.046808,-0.161534,0.305909,23.000000
0.083346,-0.067575,0.301542,23.000000
0.082774,-0.064139,0.302217,23.000000
-0.254727,-0.091214,0.076365,24.000000
-0.312484,-0.126305,0.026748,24.000000
-0.302223,-0.171353,0.021377,24.000000
-0.338621,-0.154997,0.047299,24.000000
-0.313089,-0.217357,0.017741,24.000000
-0.342882,-0.153903,0.050308,24.000000
-0.341985,-0.195356,0.034848,24.000000
-0.302120,-0.189321,0.027684,24.000000
-0.224466,-0.297682,0.032318,24.000000
-0.293150,-0.263834,0.049273,24.000000
-0.264569,-0.278056,0.068104,24.000000
-0.331017,-0.204127,0.013510,24.000000
-0.267167,-0.233453,0.073901,24.000000
-0.233342,-0.248532,0.068315,24.000000
-0.352798,-0.143187,0.027782,24.000000
-0.318412,-0.158706,0.030372,24.000000
-0.275382,-0.177486,0.010896,24.000000
-0.238822,-0.192943,0.011450,24.000000
-0.216770,-0.203153,0.068967,24.000000
-0.176457,-0.221022,0.039647,24.000000
-0.302717,-0.102441,0.025162,24.000000
-0.264665,-0.120011,0.030192,24.000000
-0.232193,-0.135578,0.029997,24.000000
-0.233220,-0.256260,0.064152,24.000000
-0.274404,-0.260646,0.067449,24.000000
-0.203637,-0.214521,0.036875,24.000000
-0.245946,-0.219472,0.090555,24.000000
-0.358090,-0.226077,-0.131179,24.000000
-0.242454,-0.153631,0.040477,24.000000
-0.276086,-0.156857,0.006782,24.000000
-0.318015,-0.157667,0.024326,24.000000
-0.352984,-0.163267,0.037175,24.000000
-0.265573,-0.097532,0.077290,24.000000
-0.301792,-0.168078,0.020333,24.000000
-0.341467,-0.152835,0.047491,24.000000
-0.330125,-0.202439,0.014629,24.000000
-0.266469,-0.096936,0.074883,24.000000
-0.353304,-0.161181,0.039308,24.000000
-0.233998,-0.254208,0.061823,24.000000
-0.239464,-0.194188,0.008720,24.000000
-0.202525,-0.214754,0.038244,24.000000
-0.293493,-0.267639,0.049435,24.000000
-0.344592,-0.194227,0.036184,24.000000
-0.315790,-0.158163,0.021548,24.000000
-0.352413,-0.163008,0.038725,24.000000
-0.268517,-0.229659,0.074223,24.000000
-0.240873,-0.151424,0.043362,24.000000
-0.239283,-0.195116,0.011254,24.000000
-0.215740,-0.204735,0.071621,24.000000
-0.338184,-0.153677,0.045491,24.000000
-0.205691,-0.213559,0.037826,24.000000
-0.256563,-0.089627,0.075530,24.000000
-0.351760,-0.142473,0.027249,24.000000
-0.329765,-0.202647,0.013092,24.000000
-0.276610,-0.177185,0.009130,24.000000
-0.339412,-0.149905,0.050217,24.000000
-0.274446,-0.258363,0.069334,24.000000
-0.300579,-0.191592,0.031596,24.000000
-0.353653,-0.142119,0.027034,24.000000
-0.293304,-0.266036,0.049607,24.000000
0.107980,-0.099743,0.781461,25.000000
0.059602,-0.079663,0.744844,25.000000
-0.008419,-0.047851,0.781159,25.000000
-0.040356,-0.032457,0.799955,25.000000
0.028158,-0.101664,0.778765,25.000000
0.022998,-0.099112,0.896229,25.000000
-0.011280,-0.085235,0.915442,25.000000
-0.064395,-0.061738,0.844777,25.000000
0.009688,-0.147421,0.791246,25.000000
-0.020836,-0.136119,0.821582,25.000000
-0.045872,-0.125159,0.869419,25.000000
-0.076908,-0.170351,0.722173,25.000000
-0.068134,-0.077174,0.857322,25.000000
-0.021476,-0.074317,0.874552,25.000000
0.019796,-0.070962,0.877424,25.000000
0.027622,-0.068605,0.746460,25.000000
-0.087180,-0.127873,0.739829,25.000000
0.005479,-0.122122,0.892030,25.000000
0.015665,-0.122146,0.783920,25.000000
-0.102192,-0.118365,0.732610,25.000000
-0.073294,-0.131300,0.750511,25.000000
-0.034508,-0.108237,0.752658,25.000000
-0.014910,-0.115210,0.849944,25.000000
0.029333,-0.132304,0.809748,25.000000
-0.035800,-0.059679,0.813740,25.000000
-0.008889,-0.072713,0.862608,25.000000
0.020972,-0.082475,0.900068,25.000000
0.014756,-0.024178,0.803143,25.000000
0.068323,-0.130138,0.808782,25.000000
0.033371,-0.132788,0.801443,25.000000
-0.010720,-0.136183,0.825365,25.000000
-0.032250,-0.138545,0.749300,25.000000
-0.077159,-0.139007,0.764179,25.000000
0.085851,-0.070678,0.801433,25.000000
0.034785,-0.075741,0.888466,25.000000
-0.000780,-0.077754,0.872471,25.000000
0.020730,-0.030103,0.803560,25.000000
-0.061639,-0.033729,0.812100,25.000000
0.023631,-0.072027,0.746178,25.000000
0.070026,-0.130378,0.810708,25.000000
-0.074825,-0.169859,0.720874,25.000000
-0.008292,-0.045680,0.781126,25.000000
0.022128,-0.098577,0.895243,25.000000
-0.043703,-0.125956,0.870990,25.000000
-0.074487,-0.129578,0.753419,25.000000
-0.065539,-0.061691,0.846287,25.000000
-0.011884,-0.136108,0.829045,25.000000
-0.008400,-0.048165,0.783590,25.000000
-0.103949,-0.117946,0.732117,25.000000
0.020607,-0.084703,0.898834,25.000000
-0.077540,-0.141769,0.763789,25.000000
-0.075663,-0.168388,0.722147,25.000000
-0.086127,-0.128036,0.741647,25.000000
-0.015607,-0.115331,0.846655,25.000000
-0.074209,-0.132101,0.753002,25.000000
-0.019034,-0.137892,0.824698,25.000000
-0.039571,-0.031763,0.797087,25.000000
0.069315,-0.131750,0.807462,25.000000
-0.039671,-0.034877,0.796929,25.000000
-0.020387,-0.075600,0.873801,25.000000
-0.062483,-0.031396,0.810890,25.000000
0.031111,-0.104742,0.779956,25.000000
-0.071183,-0.075662,0.855331,25.000000
-0.001815,-0.074870,0.873169,25.000000
-0.104867,-0.120064,0.734109,25.000000
0.017663,-0.121029,0.786200,25.000000
-0.006388,-0.048525,0.782274,25.000000
0.062505,-0.077980,0.743906,25.000000
-0.086698,-0.127759,0.740933,25.000000
0.003263,-0.123094,0.894731,25.000000
0.026785,-0.068867,0.748196,25.000000
-0.010677,-0.072096,0.862725,25.000000
-0.074690,-0.131586,0.750812,25.000000
-0.015153,-0.114965,0.850437,25.000000
0.027026,-0.134089,0.808428,25.000000
0.087594,-0.068387,0.801759,25.000000
0.021308,0.070431,0.458930,26.000000
-0.020508,0.088606,0.436211,26.000000
-0.027940,0.030539,0.393565,26.000000
-0.064469,0.047504,0.545190,26.000000
-0.101703,0.062757,0.404379,26.000000
-0.033960,0.117065,0.443122,26.000000
-0.078697,0.060808,0.554139,26.000000
-0.119530,0.057129,0.394338,26.000000
-0.039035,0.064849,0.492353,26.000000
-0.088784,0.061433,0.360727,26.000000
-0.007771,0.066455,0.468529,26.000000
-0.028401,0.021157,0.390344,26.000000
0.020779,0.024917,0.420486,26.000000
-0.007875,-0.012108,0.472669,26.000000
-0.046203,-0.012016,0.335847,26.000000
-0.147954,-0.102164,0.373493,26.000000
-0.105060,-0.078341,0.365626,26.000000
-0.116352,0.032934,0.344329,26.000000
-0.080424,0.014171,0.354752,26.000000
-0.074702,0.012506,0.521367,26.000000
-0.047918,0.001671,0.351816,26.000000
-0.043398,0.002183,0.529895,26.000000
-0.101770,0.089350,0.406363,26.000000
-0.053497,0.068689,0.534984,26.000000
-0.009032,0.050418,0.455039,26.000000
-0.025746,0.098984,0.435388,26.000000
-0.000591,0.089418,0.487584,26.000000
-0.026824,-0.076560,0.392241,26.000000
-0.089748,-0.082590,0.361487,26.000000
-0.036866,-0.029988,0.484661,26.000000
-0.041368,-0.032290,0.312461,26.000000
-0.038705,0.008585,0.490365,26.000000
-0.046105,0.011073,0.342035,26.000000
-0.077835,0.005470,0.310172,26.000000
0.006316,0.076449,0.485532,26.000000
-0.079446,0.067607,0.364956,26.000000
-0.117759,0.062410,0.355732,26.000000
-0.101422,0.064396,0.406039,26.000000
-0.103742,0.063832,0.405229,26.000000
-0.116875,0.032622,0.346990,26.000000
-0.052245,0.070360,0.535086,26.000000
-0.078053,0.068960,0.363116,26.000000
-0.008442,-0.010587,0.472971,26.000000
-0.091915,-0.081585,0.365032,26.000000
0.023276,0.025233,0.420963,26.000000
-0.028303,0.021797,0.390998,26.000000
-0.115183,0.063173,0.358340,26.000000
-0.077710,0.058351,0.551227,26.000000
-0.101550,0.090417,0.406358,26.000000
-0.040074,0.007885,0.489546,26.000000
-0.102033,0.089961,0.408368,26.000000
-0.118918,0.064968,0.353564,26.000000
-0.101411,0.089440,0.406587,26.000000
-0.021866,0.088319,0.438865,26.000000
-0.029398,0.020755,0.393015,26.000000
-0.079479,0.014171,0.352058,26.000000
0.020909,0.025983,0.422530,26.000000
-0.037914,0.010278,0.492426,26.000000
-0.105264,-0.076638,0.367056,26.000000
-0.079431,0.017338,0.353782,26.000000
-0.009396,0.049972,0.452732,26.000000
0.002983,0.088747,0.489381,26.000000
-0.041530,-0.031071,0.312252,26.000000
0.006514,0.075257,0.486258,26.000000
-0.091035,-0.083208,0.363821,26.000000
-0.044464,-0.011493,0.336390,26.000000
-0.047148,0.002361,0.348755,26.000000
-0.043369,-0.032263,0.313220,26.000000
-0.101471,0.065749,0.402514,26.000000
-0.035083,0.117670,0.445042,26.000000
-0.148665,-0.100689,0.377064,26.000000
-0.064554,-0.171994,-0.863114,27.000000
-0.297984,-0.106345,-0.820073,27.000000
-0.163737,-0.095412,-0.943423,27.000000
-0.286162,0.047791,-0.786218,27.000000
-0.226734,0.018115,-0.909221,27.000000
-0.184545,-0.000634,-0.927534,27.000000
-0.121377,-0.026161,-0.710402,27.000000
-0.285224,0.103180,-0.730175,27.000000
-0.249644,0.089086,-0.708145,27.000000
-0.181643,0.121747,-0.753274,27.000000
-0.152059,0.109352,-0.737349,27.000000
-0.235451,-0.154415,-0.807194,27.000000
-0.279438,-0.156773,-0.780344,27.000000
-0.291376,-0.096860,-0.819206,27.000000
-0.189557,-0.043977,-0.684282,27.000000
-0.180169,-0.000937,-0.980832,27.000000
-0.228674,-0.003947,-0.912921,27.000000
-0.286028,0.049418,-0.782633,27.000000
-0.229469,0.058400,-0.651945,27.000000
-0.192155,0.062063,-0.836243,27.000000
-0.240428,0.056885,-0.806442,27.000000
-0.264900,0.112596,-0.728876,27.000000
-0.248473,0.088996,-0.707287,27.000000
-0.241053,0.055433,-0.805831,27.000000
-0.228520,0.017711,-0.910885,27.000000
-0.191953,-0.042080,-0.685287,27.000000
-0.122090,-0.024595,-0.712432,27.000000
-0.297911,-0.109032,-0.819547,27.000000
-0.297876,-0.108142,-0.818186,27.000000
-0.182414,-0.000485,-0.927469,27.000000
-0.283909,0.104256,-0.732437,27.000000
-0.182760,0.000242,-0.983158,27.000000
-0.249047,0.089785,-0.707553,27.000000
-0.230609,0.055903,-0.650772,27.000000
-0.180795,-0.000811,-0.983296,27.000000
-0.194229,0.059701,-0.835443,27.000000
-0.229005,-0.007428,-0.914481,27.000000
-0.291813,-0.098340,-0.819261,27.000000
-0.266690,0.110264,-0.728362,27.000000
-0.231562,-0.151237,-0.803128,27.000000
-0.285306,0.047685,-0.787726,27.000000
-0.228407,0.056411,-0.653232,27.000000
-0.292050,-0.097070,-0.818848,27.000000
-0.250246,0.088175,-0.706695,27.000000
-0.229259,-0.003229,-0.915623,27.000000
-0.285971,0.051357,-0.781916,27.000000
-0.065423,-0.172933,-0.863194,27.000000
-0.283352,0.105142,-0.732344,27.000000
-0.282692,-0.158161,-0.783799,27.000000
-0.283276,0.051719,-0.783011,27.000000
-0.190643,-0.044769,-0.684612,27.000000
-0.151327,0.108034,-0.735977,27.000000
-0.286506,0.051439,-0.783119,27.000000
-0.181715,-0.001735,-0.980524,27.000000
0.115149,-0.028619,-0.438097,28.000000
0.121118,-0.034235,-0.276286,28.000000
0.015017,0.014608,-0.372802,28.000000
0.023252,-0.097098,-0.449129,28.000000
0.034833,-0.100068,-0.268301,28.000000
-0.022993,-0.132937,-0.408026,28.000000
-0.091846,-0.100927,-0.340479,28.000000
0.015298,0.023844,-0.356022,28.000000
-0.037509,-0.077431,-0.419995,28.000000
0.050329,-0.065698,-0.261531,28.000000
0.085875,-0.064988,-0.435087,28.000000
0.033726,-0.119851,-0.206658,28.000000
-0.017560,-0.169578,-0.404465,28.000000
0.088281,-0.158345,-0.177358,28.000000
0.050020,-0.161657,-0.323835,28.000000
0.190929,-0.148831,-0.432736,28.000000
0.010926,-0.203429,-0.174298,28.000000
-0.060411,-0.209499,-0.395644,28.000000
0.078350,-0.197294,-0.240754,28.000000
-0.061049,-0.051056,-0.235634,28.000000
-0.030007,-0.064176,-0.217231,28.000000
0.195389,-0.221007,-0.383172,28.000000
-0.024539,-0.128579,-0.407081,28.000000
0.023115,-0.097786,-0.452108,28.000000
0.113309,-0.028489,-0.439325,28.000000
0.033424,-0.121970,-0.205893,28.000000
0.115340,-0.029951,-0.438995,28.000000
-0.039027,-0.074398,-0.418980,28.000000
-0.041328,-0.074629,-0.420320,28.000000
0.086800,-0.064284,-0.433901,28.000000
0.015165,0.014976,-0.370273,28.000000
0.115560,-0.029801,-0.437871,28.000000
0.025610,-0.098820,-0.447332,28.000000
0.036384,-0.120054,-0.205877,28.000000
0.049297,-0.066660,-0.260383,28.000000
-0.017495,-0.167351,-0.406271,28.000000
-0.020099,-0.169247,-0.404125,28.000000
0.009957,0.012121,0.218007,29.000000
0.022905,-0.098789,0.143648,29.000000
-0.055437,-0.118524,0.227724,29.000000
-0.046287,0.063522,0.167773,29.000000
-0.046870,0.017796,0.175562,29.000000
0.008170,-0.008467,0.229844,29.000000
0.016339,-0.069287,0.082227,29.000000
0.079548,-0.064590,0.159638,29.000000
0.039543,-0.119021,0.139548,29.000000
-0.067281,-0.049690,0.187260,29.000000
-0.030008,-0.066708,0.177829,29.000000
-0.026583,0.056489,0.153005,29.000000
0.005481,0.042235,0.175044,29.000000
-0.005399,-0.136932,0.214716,29.000000
-0.043869,-0.033378,0.126030,29.000000
-0.018886,0.012286,0.187152,29.000000
-0.082279,0.003939,0.122906,29.000000
0.015277,-0.071634,0.084955,29.000000
0.012249,0.012112,0.216617,29.000000
-0.044846,-0.033024,0.127868,29.000000
-0.067737,-0.045773,0.188675,29.000000
0.008411,-0.007379,0.229078,29.000000
0.007550,-0.009217,0.227858,29.000000
0.022117,-0.096667,0.141500,29.000000
0.041563,-0.118118,0.140025,29.000000
0.005076,0.040640,0.172678,29.000000
0.009978,-0.006883,0.227769,29.000000
-0.082345,0.004817,0.120903,29.000000
-0.067475,-0.047908,0.189066,29.000000
-0.047757,0.021222,0.176908,29.000000
-0.068468,-0.048833,0.185826,29.000000
-0.081402,0.004344,0.120136,29.000000
-0.069052,-0.044969,0.187821,29.000000
0.010728,0.014697,0.216130,29.000000
0.147842,0.228860,-0.531918,30.000000
0.181558,0.156770,-0.516571,30.000000
0.145956,0.171680,-0.498645,30.000000
0.105702,0.187514,-0.498850,30.000000
0.128886,0.113355,-0.466905,30.000000
0.068892,0.140318,-0.513310,30.000000
0.131225,0.073812,-0.523655,30.000000
0.117003,0.219177,-0.541678,30.000000
0.081933,0.185948,-0.475199,30.000000
0.126652,0.192002,-0.514529,30.000000
0.035544,0.123201,-0.523466,30.000000
0.084452,0.127296,-0.510435,30.000000
0.142385,0.132582,-0.453298,30.000000
0.171413,0.134751,-0.496825,30.000000
0.208835,0.137939,-0.536823,30.000000
0.162545,0.080799,-0.461572,30.000000
0.098526,0.041858,-0.461572,30.000000
0.091958,0.089115,-0.449149,30.000000
0.106009,0.143083,-0.478485,30.000000
0.139473,0.125311,-0.457446,30.000000
0.122397,0.195428,-0.508699,30.000000
0.156723,0.177890,-0.499008,30.000000
0.211909,0.156744,-0.621789,30.000000
0.125901,0.233443,-0.530228,30.000000
0.111252,0.083157,-0.447503,30.000000
0.153156,0.143348,-0.460028,30.000000
0.109096,0.139213,-0.461931,30.000000
0.156466,0.229005,-0.527988,30.000000
0.097867,0.187339,-0.516608,30.000000
0.083898,0.127173,-0.509678,30.000000
0.155590,0.230170,-0.527787,30.000000
0.158929,0.180336,-0.500966,30.000000
0.126270,0.190609,-0.511141,30.000000
0.143194,0.170835,-0.499091,30.000000
0.102240,0.142448,-0.480549,30.000000
0.085400,0.128201,-0.510056,30.000000
0.123370,0.233509,-0.529818,30.000000
0.102893,0.143329,-0.479018,30.000000
0.101526,0.186920,-0.520499,30.000000
0.143572,0.171852,-0.498983,30.000000
0.100028,0.185889,-0.519298,30.000000
0.081393,0.185692,-0.478027,30.000000
0.086488,0.126808,-0.510064,30.000000
0.163908,0.078888,-0.457803,30.000000
0.208307,0.134882,-0.536002,30.000000
0.164369,0.079818,-0.459107,30.000000
0.123991,0.233932,-0.532438,30.000000
0.152310,0.141660,-0.459231,30.000000
0.112109,0.082239,-0.447327,30.000000
0.126367,0.114970,-0.465127,30.000000
-0.315964,-0.211662,-0.484258,31.000000
-0.276342,-0.228781,-0.494361,31.000000
-0.335369,-0.153048,-0.463253,31.000000
-0.296357,-0.168465,-0.484541,31.000000
-0.276734,-0.180705,-0.598413,31.000000
-0.356494,-0.080184,-0.457542,31.000000
-0.318715,-0.096862,-0.462267,31.000000
-0.281266,-0.112663,-0.491631,31.000000
-0.203358,-0.078447,-0.477899,31.000000
-0.251591,-0.015004,-0.639477,31.000000
-0.230873,-0.024808,-0.546195,31.000000
-0.238851,0.026157,-0.623770,31.000000
-0.202868,0.010840,-0.629075,31.000000
-0.273760,-0.156381,-0.602326,31.000000
-0.333404,-0.160240,-0.463370,31.000000
-0.273836,-0.099272,-0.477643,31.000000
-0.317698,-0.100185,-0.494518,31.000000
-0.355129,-0.103977,-0.469993,31.000000
-0.208045,-0.003531,-0.603621,31.000000
-0.243176,-0.007178,-0.635441,31.000000
-0.177933,-0.002476,-0.607814,31.000000
-0.297544,-0.168259,-0.485327,31.000000
-0.210133,-0.004576,-0.604693,31.000000
-0.177646,-0.001850,-0.605201,31.000000
-0.315535,-0.212689,-0.483567,31.000000
-0.314207,-0.212012,-0.485700,31.000000
-0.202114,0.009772,-0.627755,31.000000
-0.232071,-0.025190,-0.548278,31.000000
-0.230638,-0.024910,-0.547940,31.000000
-0.204497,-0.077470,-0.480522,31.000000
-0.280204,-0.111869,-0.489564,31.000000
-0.335883,-0.153795,-0.466113,31.000000
-0.238163,0.025837,-0.624819,31.000000
-0.316436,-0.101408,-0.494543,31.000000
-0.253294,-0.015042,-0.639386,31.000000
-0.273769,-0.179500,-0.599562,31.000000
-0.243223,-0.005892,-0.636070,31.000000
-0.175984,-0.000144,-0.605557,31.000000
-0.282056,-0.110934,-0.491637,31.000000
-0.337133,-0.161653,-0.461023,31.000000
-0.253231,-0.016252,-0.638905,31.000000
