-0.249207,0.064024,0.145729,39.000000
-0.246696,0.062554,0.147010,39.000000
-0.249292,0.067712,0.145903,39.000000
-0.245322,0.067537,0.146233,39.000000
-0.253459,0.063849,0.150560,39.000000
-0.247397,0.057548,0.146445,39.000000
-0.246476,0.057548,0.149036,39.000000
-0.254746,0.065767,0.151241,39.000000
-0.223121,0.047359,0.129929,39.000000
-0.220707,0.047980,0.133100,39.000000
-0.220408,0.051992,0.129540,39.000000
-0.220025,0.054093,0.127599,39.000000
-0.218889,0.055297,0.128412,39.000000
-0.219828,0.051857,0.126606,39.000000
-0.218768,0.056913,0.122839,39.000000
-0.217977,0.048324,0.127013,39.000000
-0.083486,0.769258,-0.551094,66.000000
-0.090729,0.767476,-0.551626,66.000000
-0.092496,0.765745,-0.547339,66.000000
-0.091332,0.764785,-0.556413,66.000000
-0.096082,0.765861,-0.544754,66.000000
-0.156627,0.698784,-0.587629,66.000000
-0.157957,0.700900,-0.594081,66.000000
-0.155622,0.692125,-0.593062,66.000000
-0.160960,0.696850,-0.592732,66.000000
-0.163585,0.693500,-0.598134,66.000000
-0.097848,0.584746,-0.570741,66.000000
-0.104120,0.583819,-0.575528,66.000000
-0.104096,0.581759,-0.576886,66.000000
-0.106128,0.579162,-0.575563,66.000000
-0.061054,0.572167,-0.580824,66.000000
-0.226791,0.628086,-0.545860,66.000000
-0.655420,0.196335,-0.534194,41.000000
-0.656844,0.197696,-0.531626,41.000000
-0.656540,0.195441,-0.530396,41.000000
-0.658868,0.194108,-0.529749,41.000000
-0.657909,0.192874,-0.527375,41.000000
-0.659124,0.194962,-0.526962,41.000000
-0.660943,0.194404,-0.528085,41.000000
-0.663296,0.187947,-0.529954,41.000000
-0.633696,0.182257,-0.529044,41.000000
-0.634200,0.184473,-0.522817,41.000000
-0.635070,0.180871,-0.523727,41.000000
-0.634174,0.179424,-0.519648,41.000000
-0.633152,0.174521,-0.524223,41.000000
-0.627165,0.176525,-0.523075,41.000000
-0.632008,0.172857,-0.517620,41.000000
-0.593600,0.257177,-0.560720,41.000000
-0.076807,0.229592,-0.370184,56.000000
-0.077879,0.229777,-0.369773,56.000000
-0.075130,0.231045,-0.370688,56.000000
-0.079442,0.230248,-0.372200,56.000000
-0.078030,0.234221,-0.371102,56.000000
-0.076389,0.233209,-0.374094,56.000000
-0.082632,0.229493,-0.367459,56.000000
-0.075884,0.230730,-0.377133,56.000000
-0.081687,0.234859,-0.377591,56.000000
-0.084769,0.231784,-0.377610,56.000000
-0.060675,0.205192,-0.299014,56.000000
-0.055641,0.212090,-0.295357,56.000000
-0.067202,0.202781,-0.289618,56.000000
-0.058296,0.208397,-0.289392,56.000000
-0.153979,0.378829,-0.530749,56.000000
-0.159862,0.379267,-0.528570,56.000000
-0.235785,0.568877,0.189246,26.000000
-0.238092,0.566533,0.184518,26.000000
-0.231523,0.564813,0.185308,26.000000
-0.240166,0.562547,0.189021,26.000000
-0.228670,0.567803,0.183422,26.000000
-0.227329,0.567283,0.185825,26.000000
-0.234788,0.564331,0.179019,26.000000
-0.139863,0.555161,0.166056,26.000000
-0.138129,0.554801,0.170541,26.000000
-0.137651,0.555429,0.169011,26.000000
-0.136876,0.556551,0.168686,26.000000
-0.137187,0.550366,0.168935,26.000000
-0.214604,0.482176,0.138494,26.000000
-0.207176,0.484765,0.134735,26.000000
-0.136010,0.552703,0.162858,26.000000
-0.209846,0.481558,0.138002,26.000000
-0.477565,0.306018,-0.185545,14.000000
-0.477370,0.301532,-0.190016,14.000000
-0.479470,0.303135,-0.191397,14.000000
-0.472993,0.307765,-0.193650,14.000000
-0.477242,0.305507,-0.196143,14.000000
-0.410547,0.284800,-0.218395,14.000000
-0.409908,0.280897,-0.215753,14.000000
-0.410417,0.288625,-0.222221,14.000000
-0.411681,0.278191,-0.220557,14.000000
-0.408113,0.285692,-0.221153,14.000000
-0.406265,0.280896,-0.217295,14.000000
-0.406251,0.286488,-0.221681,14.000000
-0.404912,0.280742,-0.217958,14.000000
-0.405822,0.281454,-0.220981,14.000000
-0.408820,0.277751,-0.224278,14.000000
-0.402309,0.278051,-0.219783,14.000000
-0.302578,0.544057,-0.425182,38.000000
-0.305268,0.548015,-0.434384,38.000000
-0.247971,0.521992,-0.460696,38.000000
-0.247031,0.520224,-0.464481,38.000000
-0.249408,0.516497,-0.465809,38.000000
-0.250440,0.516937,-0.469508,38.000000
-0.249284,0.513091,-0.466403,38.000000
-0.278419,0.424520,-0.403177,38.000000
-0.278769,0.424368,-0.402209,38.000000
-0.277231,0.423358,-0.403909,38.000000
-0.257956,0.428288,-0.448336,38.000000
-0.256773,0.430553,-0.456246,38.000000
-0.279127,0.420833,-0.405376,38.000000
-0.254432,0.429908,-0.455139,38.000000
-0.282727,0.418554,-0.405552,38.000000
-0.277968,0.418705,-0.401578,38.000000
-0.094259,0.456639,-0.143446,29.000000
-0.099221,0.454204,-0.147272,29.000000
-0.099738,0.454961,-0.148130,29.000000
-0.099576,0.455563,-0.149625,29.000000
-0.097977,0.450737,-0.148197,29.000000
-0.095158,0.451681,-0.153081,29.000000
-0.098851,0.454639,-0.154608,29.000000
-0.101734,0.456872,-0.153527,29.000000
-0.099250,0.442199,-0.164743,29.000000
-0.101758,0.437945,-0.168635,29.000000
-0.102894,0.434425,-0.165748,29.000000
-0.102381,0.433103,-0.166998,29.000000
-0.101002,0.438879,0.124690,29.000000
-0.104103,0.436763,0.125326,29.000000
-0.101300,0.438333,0.126272,29.000000
-0.104724,0.439929,0.127141,29.000000
-0.476485,0.380767,0.139634,82.000000
-0.472794,0.377152,0.141945,82.000000
-0.471769,0.378160,0.141644,82.000000
-0.471198,0.385130,0.146170,82.000000
-0.467333,0.378326,0.144645,82.000000
-0.467718,0.380094,0.146509,82.000000
-0.465465,0.379452,0.143459,82.000000
-0.459294,0.380721,0.146011,82.000000
-0.456773,0.379654,0.141008,82.000000
-0.455054,0.381095,0.145791,82.000000
-0.412720,0.446484,0.153694,82.000000
-0.409475,0.445217,0.146274,82.000000
-0.404808,0.443410,0.148570,82.000000
-0.408862,0.448785,0.149109,82.000000
-0.407132,0.449029,0.141974,82.000000
-0.410258,0.452295,0.147895,82.000000
-0.542076,0.002810,0.220280,34.000000
-0.542637,0.004116,0.214906,34.000000
-0.352271,0.170617,0.352705,34.000000
-0.352935,0.165837,0.361763,34.000000
-0.353743,0.174509,0.352795,34.000000
-0.352101,0.172518,0.356073,34.000000
-0.349896,0.174867,0.353654,34.000000
-0.351163,0.173783,0.357652,34.000000
-0.254746,0.065767,0.151241,34.000000
-0.253459,0.063849,0.150560,34.000000
-0.249207,0.064024,0.145729,34.000000
-0.247397,0.057548,0.146445,34.000000
-0.246476,0.057548,0.149036,34.000000
-0.249292,0.067712,0.145903,34.000000
-0.246696,0.062554,0.147010,34.000000
-0.245322,0.067537,0.146233,34.000000
-0.444688,0.420467,-0.639019,115.000000
-0.439202,0.422708,-0.633042,115.000000
-0.440439,0.418857,-0.631125,115.000000
-0.441566,0.429050,-0.637406,115.000000
-0.437513,0.425179,-0.635220,115.000000
-0.439172,0.421099,-0.627769,115.000000
-0.443429,0.423827,-0.626464,115.000000
-0.435984,0.412227,-0.630576,115.000000
-0.439324,0.414424,-0.626075,115.000000
-0.434898,0.409919,-0.628678,115.000000
-0.430769,0.415380,-0.624817,115.000000
-0.473073,0.331056,-0.618815,115.000000
-0.510049,0.348040,-0.632964,115.000000
-0.471151,0.327429,-0.620381,115.000000
-0.507976,0.344694,-0.630166,115.000000
-0.469185,0.326379,-0.615349,115.000000
-0.333443,0.208869,0.371635,37.000000
-0.335978,0.207826,0.370191,37.000000
-0.329781,0.206256,0.371650,37.000000
-0.328708,0.206872,0.373041,37.000000
-0.330668,0.204293,0.369472,37.000000
-0.326307,0.208432,0.369221,37.000000
-0.329520,0.210232,0.365237,37.000000
-0.326392,0.213454,0.370480,37.000000
-0.351163,0.173783,0.357652,37.000000
-0.349896,0.174867,0.353654,37.000000
-0.352101,0.172518,0.356073,37.000000
-0.353743,0.174509,0.352795,37.000000
-0.352271,0.170617,0.352705,37.000000
-0.352935,0.165837,0.361763,37.000000
-0.194743,0.144242,0.269536,37.000000
-0.194993,0.139138,0.270162,37.000000
-0.126941,0.337690,0.203155,16.000000
-0.126252,0.339195,0.204797,16.000000
-0.127180,0.341690,0.201956,16.000000
-0.132873,0.339272,0.199645,16.000000
-0.134376,0.336333,0.200923,16.000000
-0.125902,0.340194,0.195420,16.000000
-0.126007,0.346197,0.198439,16.000000
-0.126562,0.343233,0.194923,16.000000
-0.128284,0.341785,0.193537,16.000000
-0.185803,0.354971,0.192440,16.000000
-0.188050,0.348500,0.196856,16.000000
-0.187962,0.353384,0.198328,16.000000
-0.190405,0.342134,0.200443,16.000000
-0.189302,0.349547,0.196045,16.000000
-0.190223,0.348030,0.192640,16.000000
-0.191050,0.349188,0.197380,16.000000
-0.151970,0.386584,-0.536038,110.000000
-0.156063,0.385734,-0.534725,110.000000
-0.154075,0.380989,-0.536926,110.000000
-0.154053,0.382526,-0.531107,110.000000
-0.153979,0.378829,-0.530749,110.000000
-0.160760,0.381308,-0.536140,110.000000
-0.162644,0.382774,-0.533068,110.000000
-0.161576,0.379145,-0.534095,110.000000
-0.159862,0.379267,-0.528570,110.000000
-0.182622,0.501108,-0.534330,110.000000
-0.183252,0.501108,-0.526125,110.000000
-0.174726,0.505402,-0.529363,110.000000
-0.180741,0.504711,-0.524792,110.000000
-0.181246,0.508979,-0.527756,110.000000
-0.186230,0.511359,-0.529841,110.000000
-0.254432,0.429908,-0.455139,110.000000
-0.511398,0.021384,-0.460122,73.000000
-0.511001,0.026525,-0.456307,73.000000
-0.516014,0.025720,-0.454576,73.000000
-0.511232,0.028481,-0.455320,73.000000
-0.516014,0.027709,-0.452135,73.000000
-0.507738,0.030622,-0.452800,73.000000
-0.556461,0.034555,-0.442082,73.000000
-0.559350,0.036874,-0.438901,73.000000
-0.558943,0.039399,-0.436337,73.000000
-0.562595,0.038624,-0.443894,73.000000
-0.565442,0.034283,-0.440492,73.000000
-0.526812,0.130368,-0.494967,73.000000
-0.530294,0.133336,-0.494712,73.000000
-0.526033,0.133332,-0.498743,73.000000
-0.537041,0.132557,-0.495311,73.000000
-0.536474,0.132304,-0.498537,73.000000
-0.446908,0.082316,-0.174028,87.000000
-0.444367,0.084928,-0.176507,87.000000
-0.447281,0.086875,-0.175307,87.000000
-0.444607,0.086211,-0.175546,87.000000
-0.446239,0.086620,-0.171798,87.000000
-0.449434,0.089669,-0.175874,87.000000
-0.448253,0.093013,-0.172406,87.000000
-0.447007,0.093358,-0.171604,87.000000
-0.475744,0.202805,-0.274664,87.000000
-0.480922,0.205562,-0.271111,87.000000
-0.482831,0.208749,-0.269158,87.000000
-0.479683,0.210601,-0.267850,87.000000
-0.477588,0.208373,-0.275046,87.000000
-0.483812,0.207892,-0.274676,87.000000
-0.475630,0.212452,-0.273227,87.000000
-0.478331,0.213423,-0.276456,87.000000
-0.057990,0.561681,-0.587182,90.000000
-0.064256,0.564165,-0.585451,90.000000
-0.062097,0.564195,-0.582030,90.000000
-0.064556,0.563505,-0.583019,90.000000
-0.059543,0.571636,-0.588324,90.000000
-0.064000,0.569950,-0.584473,90.000000
-0.061054,0.572167,-0.580824,90.000000
-0.097848,0.584746,-0.570741,90.000000
-0.104096,0.581759,-0.576886,90.000000
-0.104120,0.583819,-0.575528,90.000000
-0.106128,0.579162,-0.575563,90.000000
-0.174726,0.505402,-0.529363,90.000000
-0.181246,0.508979,-0.527756,90.000000
-0.182622,0.501108,-0.534330,90.000000
-0.180741,0.504711,-0.524792,90.000000
-0.186230,0.511359,-0.529841,90.000000
-0.463881,0.217736,-0.617407,67.000000
-0.462451,0.219797,-0.615431,67.000000
-0.464642,0.221682,-0.617386,67.000000
-0.461903,0.219335,-0.620577,67.000000
-0.461645,0.220356,-0.622136,67.000000
-0.458981,0.219428,-0.620759,67.000000
-0.463482,0.225011,-0.620562,67.000000
-0.464184,0.226876,-0.613884,67.000000
-0.466116,0.226983,-0.621700,67.000000
-0.470147,0.221588,-0.625445,67.000000
-0.459567,0.227867,-0.621786,67.000000
-0.497112,0.225780,-0.592606,67.000000
-0.495789,0.227667,-0.590068,67.000000
-0.501298,0.223204,-0.594323,67.000000
-0.500509,0.228658,-0.594508,67.000000
-0.499228,0.226473,-0.590070,67.000000
-0.310060,0.288231,0.130689,18.000000
-0.319374,0.286845,0.133547,18.000000
-0.314856,0.287259,0.140024,18.000000
-0.314901,0.281002,0.137971,18.000000
-0.250325,0.287716,0.161443,18.000000
-0.251151,0.285346,0.165111,18.000000
-0.250525,0.284777,0.168671,18.000000
-0.248689,0.288188,0.166030,18.000000
-0.247126,0.286347,0.163964,18.000000
-0.246601,0.290245,0.166500,18.000000
-0.248067,0.285224,0.173530,18.000000
-0.348176,0.334716,0.185729,18.000000
-0.353249,0.330991,0.185110,18.000000
-0.350867,0.337987,0.181782,18.000000
-0.358387,0.336063,0.179576,18.000000
-0.293192,0.383043,0.158559,18.000000
-0.332727,0.355077,-0.294508,81.000000
-0.333975,0.347896,-0.297496,81.000000
-0.335079,0.353093,-0.287216,81.000000
-0.336418,0.350171,-0.289474,81.000000
-0.339460,0.349455,-0.293827,81.000000
-0.335057,0.348551,-0.288640,81.000000
-0.333893,0.354936,-0.285084,81.000000
-0.340149,0.348202,-0.290792,81.000000
-0.406251,0.286488,-0.221681,81.000000
-0.410417,0.288625,-0.222221,81.000000
-0.408113,0.285692,-0.221153,81.000000
-0.405822,0.281454,-0.220981,81.000000
-0.402309,0.278051,-0.219783,81.000000
-0.404912,0.280742,-0.217958,81.000000
-0.408820,0.277751,-0.224278,81.000000
-0.410547,0.284800,-0.218395,81.000000
-0.093093,0.084693,0.243170,31.000000
-0.096215,0.084116,0.247002,31.000000
-0.097929,0.085658,0.247864,31.000000
-0.098980,0.087130,0.240302,31.000000
-0.097881,0.082113,0.247800,31.000000
-0.100367,0.085413,0.246445,31.000000
-0.099788,0.088892,0.250454,31.000000
-0.103699,0.084587,0.248897,31.000000
-0.100559,0.089655,0.252858,31.000000
-0.066362,0.175046,0.253077,31.000000
-0.070288,0.177947,0.253658,31.000000
-0.167772,0.137415,0.276999,31.000000
-0.074161,0.179807,0.259224,31.000000
-0.073518,0.182064,0.253058,31.000000
-0.172194,0.136338,0.276067,31.000000
-0.176962,0.134205,0.273269,31.000000
-0.686497,0.005271,-0.498967,102.000000
-0.684503,0.009398,-0.498121,102.000000
-0.682311,0.007572,-0.496712,102.000000
-0.681876,0.003187,-0.496529,102.000000
-0.678615,0.003831,-0.489028,102.000000
-0.661081,0.076940,-0.465211,102.000000
-0.668318,0.083330,-0.464005,102.000000
-0.659737,0.082392,-0.462647,102.000000
-0.666166,0.087163,-0.466624,102.000000
-0.656910,0.082307,-0.461712,102.000000
-0.661044,0.082890,-0.456934,102.000000
-0.661747,0.087446,-0.459806,102.000000
-0.609547,0.072701,-0.530642,102.000000
-0.609830,0.076403,-0.527716,102.000000
-0.611974,0.078464,-0.528531,102.000000
-0.610876,0.072546,-0.538924,102.000000
-0.225899,0.625856,-0.557454,22.000000
-0.226989,0.623072,-0.551349,22.000000
-0.230737,0.626983,-0.552052,22.000000
-0.233267,0.627014,-0.550839,22.000000
-0.226791,0.628086,-0.545860,22.000000
-0.223657,0.615962,-0.535229,22.000000
-0.221855,0.612243,-0.533904,22.000000
-0.223078,0.607581,-0.536812,22.000000
-0.218335,0.610244,-0.535700,22.000000
-0.217957,0.608743,-0.534994,22.000000
-0.222638,0.616085,-0.529906,22.000000
-0.213864,0.610481,-0.533954,22.000000
-0.222115,0.607488,-0.531157,22.000000
-0.214795,0.605944,-0.534216,22.000000
-0.216177,0.611819,-0.528451,22.000000
-0.163585,0.693500,-0.598134,22.000000
-0.075443,0.524863,0.160507,101.000000
-0.077404,0.524498,0.156789,101.000000
-0.078409,0.523925,0.163532,101.000000
-0.077848,0.523801,0.155049,101.000000
-0.080928,0.528221,0.158710,101.000000
-0.080221,0.521553,0.156220,101.000000
-0.133541,0.551495,0.172537,101.000000
-0.136010,0.552703,0.162858,101.000000
-0.137187,0.550366,0.168935,101.000000
-0.136876,0.556551,0.168686,101.000000
-0.137651,0.555429,0.169011,101.000000
-0.138129,0.554801,0.170541,101.000000
-0.139863,0.555161,0.166056,101.000000
-0.104724,0.439929,0.127141,101.000000
-0.101687,0.437478,0.129837,101.000000
-0.101300,0.438333,0.126272,101.000000
-0.475744,0.202805,-0.274664,120.000000
-0.477588,0.208373,-0.275046,120.000000
-0.480922,0.205562,-0.271111,120.000000
-0.483812,0.207892,-0.274676,120.000000
-0.475630,0.212452,-0.273227,120.000000
-0.482831,0.208749,-0.269158,120.000000
-0.478331,0.213423,-0.276456,120.000000
-0.479683,0.210601,-0.267850,120.000000
-0.408820,0.277751,-0.224278,120.000000
-0.411681,0.278191,-0.220557,120.000000
-0.409908,0.280897,-0.215753,120.000000
-0.405822,0.281454,-0.220981,120.000000
-0.402309,0.278051,-0.219783,120.000000
-0.410547,0.284800,-0.218395,120.000000
-0.406265,0.280896,-0.217295,120.000000
-0.404912,0.280742,-0.217958,120.000000
-0.336227,0.518109,0.112467,33.000000
-0.336991,0.521839,0.112170,33.000000
-0.336362,0.521405,0.115740,33.000000
-0.335657,0.523470,0.111626,33.000000
-0.337429,0.523964,0.114371,33.000000
-0.331329,0.521692,0.116710,33.000000
-0.334762,0.526224,0.118589,33.000000
-0.331045,0.527214,0.115704,33.000000
-0.329379,0.525390,0.119141,33.000000
-0.261040,0.486812,0.120934,33.000000
-0.259625,0.483580,0.118881,33.000000
-0.258336,0.483607,0.122038,33.000000
-0.257740,0.478681,0.123242,33.000000
-0.255359,0.480615,0.121093,33.000000
-0.251775,0.486675,0.118713,33.000000
-0.252681,0.482868,0.114582,33.000000
-0.280201,0.418598,-0.399633,53.000000
-0.277968,0.418705,-0.401578,53.000000
-0.279127,0.420833,-0.405376,53.000000
-0.282727,0.418554,-0.405552,53.000000
-0.278769,0.424368,-0.402209,53.000000
-0.277231,0.423358,-0.403909,53.000000
-0.278419,0.424520,-0.403177,53.000000
-0.257956,0.428288,-0.448336,53.000000
-0.254432,0.429908,-0.455139,53.000000
-0.256773,0.430553,-0.456246,53.000000
-0.249284,0.513091,-0.466403,53.000000
-0.249408,0.516497,-0.465809,53.000000
-0.250440,0.516937,-0.469508,53.000000
-0.247971,0.521992,-0.460696,53.000000
-0.247031,0.520224,-0.464481,53.000000
-0.302578,0.544057,-0.425182,53.000000
-0.736435,0.119216,-0.463019,20.000000
-0.733644,0.122262,-0.465952,20.000000
-0.739591,0.115213,-0.466118,20.000000
-0.736248,0.117224,-0.469810,20.000000
-0.732047,0.112983,-0.466251,20.000000
-0.728538,0.115095,-0.460308,20.000000
-0.668318,0.083330,-0.464005,20.000000
-0.666166,0.087163,-0.466624,20.000000
-0.661747,0.087446,-0.459806,20.000000
-0.661044,0.082890,-0.456934,20.000000
-0.659737,0.082392,-0.462647,20.000000
-0.661081,0.076940,-0.465211,20.000000
-0.656910,0.082307,-0.461712,20.000000
-0.663296,0.187947,-0.529954,20.000000
-0.660943,0.194404,-0.528085,20.000000
-0.657909,0.192874,-0.527375,20.000000
-0.111419,0.210345,0.230292,122.000000
-0.108782,0.206893,0.228160,122.000000
-0.111419,0.205753,0.228695,122.000000
-0.107429,0.204348,0.226310,122.000000
-0.104345,0.205386,0.228231,122.000000
-0.101893,0.207588,0.221282,122.000000
-0.073518,0.182064,0.253058,122.000000
-0.074161,0.179807,0.259224,122.000000
-0.070288,0.177947,0.253658,122.000000
-0.165101,0.227390,0.209287,122.000000
-0.163288,0.235524,0.211943,122.000000
-0.066362,0.175046,0.253077,122.000000
-0.165197,0.232429,0.209718,122.000000
-0.164419,0.229417,0.204974,122.000000
-0.165149,0.233601,0.203802,122.000000
-0.167960,0.238329,0.212065,122.000000
-0.539130,0.144344,-0.541195,8.000000
-0.540460,0.143478,-0.540373,8.000000
-0.540551,0.149905,-0.537512,8.000000
-0.533952,0.152268,-0.543743,8.000000
-0.535852,0.153005,-0.537587,8.000000
-0.536474,0.132304,-0.498537,8.000000
-0.526033,0.133332,-0.498743,8.000000
-0.528453,0.134296,-0.497469,8.000000
-0.537041,0.132557,-0.495311,8.000000
-0.530294,0.133336,-0.494712,8.000000
-0.529404,0.136697,-0.493260,8.000000
-0.526812,0.130368,-0.494967,8.000000
-0.607133,0.081874,-0.529606,8.000000
-0.607691,0.079830,-0.531160,8.000000
-0.627165,0.176525,-0.523075,8.000000
-0.608399,0.078794,-0.529506,8.000000
-0.286801,0.407642,0.167000,24.000000
-0.284264,0.404004,0.169955,24.000000
-0.289393,0.402908,0.167745,24.000000
-0.285052,0.398923,0.162726,24.000000
-0.290415,0.402424,0.159145,24.000000
-0.293039,0.389348,0.162065,24.000000
-0.288458,0.387964,0.162101,24.000000
-0.288737,0.388136,0.158923,24.000000
-0.289576,0.386769,0.160849,24.000000
-0.286181,0.388523,0.155024,24.000000
-0.290049,0.384887,0.158294,24.000000
-0.287187,0.382333,0.167861,24.000000
-0.290915,0.382825,0.159251,24.000000
-0.293192,0.383043,0.158559,24.000000
-0.257740,0.478681,0.123242,24.000000
-0.255359,0.480615,0.121093,24.000000
-0.181246,0.508979,-0.527756,84.000000
-0.180741,0.504711,-0.524792,84.000000
-0.186230,0.511359,-0.529841,84.000000
-0.174726,0.505402,-0.529363,84.000000
-0.183252,0.501108,-0.526125,84.000000
-0.182622,0.501108,-0.534330,84.000000
-0.250440,0.516937,-0.469508,84.000000
-0.249284,0.513091,-0.466403,84.000000
-0.247031,0.520224,-0.464481,84.000000
-0.249408,0.516497,-0.465809,84.000000
-0.247971,0.521992,-0.460696,84.000000
-0.214795,0.605944,-0.534216,84.000000
-0.217957,0.608743,-0.534994,84.000000
-0.222115,0.607488,-0.531157,84.000000
-0.213864,0.610481,-0.533954,84.000000
-0.223078,0.607581,-0.536812,84.000000
-0.194993,0.139138,0.270162,80.000000
-0.193662,0.140776,0.270132,80.000000
-0.194214,0.137588,0.267497,80.000000
-0.193448,0.142299,0.267997,80.000000
-0.194743,0.144242,0.269536,80.000000
-0.192919,0.143392,0.268101,80.000000
-0.190508,0.136432,0.272923,80.000000
-0.189807,0.142114,0.263452,80.000000
-0.186825,0.140815,0.265478,80.000000
-0.183765,0.142097,0.268933,80.000000
-0.183396,0.137130,0.268189,80.000000
-0.179099,0.140268,0.275130,80.000000
-0.179151,0.138079,0.277125,80.000000
-0.176962,0.134205,0.273269,80.000000
-0.175562,0.139521,0.279692,80.000000
-0.174701,0.138775,0.278351,80.000000
-0.517207,0.338246,-0.630461,99.000000
-0.510826,0.337764,-0.626159,99.000000
-0.511864,0.340769,-0.636367,99.000000
-0.507976,0.344694,-0.630166,99.000000
-0.510049,0.348040,-0.632964,99.000000
-0.474713,0.324514,-0.620190,99.000000
-0.473073,0.331056,-0.618815,99.000000
-0.473793,0.322372,-0.620298,99.000000
-0.471151,0.327429,-0.620381,99.000000
-0.471695,0.321925,-0.618931,99.000000
-0.469185,0.326379,-0.615349,99.000000
-0.469015,0.321614,-0.618653,99.000000
-0.439324,0.414424,-0.626075,99.000000
-0.434898,0.409919,-0.628678,99.000000
-0.435984,0.412227,-0.630576,99.000000
-0.444688,0.420467,-0.639019,99.000000
-0.157957,0.700900,-0.594081,59.000000
-0.160960,0.696850,-0.592732,59.000000
-0.156627,0.698784,-0.587629,59.000000
-0.155622,0.692125,-0.593062,59.000000
-0.163585,0.693500,-0.598134,59.000000
-0.091332,0.764785,-0.556413,59.000000
-0.096082,0.765861,-0.544754,59.000000
-0.092496,0.765745,-0.547339,59.000000
-0.090729,0.767476,-0.551626,59.000000
-0.225899,0.625856,-0.557454,59.000000
-0.083486,0.769258,-0.551094,59.000000
-0.226791,0.628086,-0.545860,59.000000
-0.230737,0.626983,-0.552052,59.000000
-0.226989,0.623072,-0.551349,59.000000
-0.233267,0.627014,-0.550839,59.000000
-0.213864,0.610481,-0.533954,59.000000
-0.204460,0.481107,0.137590,57.000000
-0.207176,0.484765,0.134735,57.000000
-0.209846,0.481558,0.138002,57.000000
-0.211295,0.481237,0.136731,57.000000
-0.214604,0.482176,0.138494,57.000000
-0.251775,0.486675,0.118713,57.000000
-0.252681,0.482868,0.114582,57.000000
-0.255359,0.480615,0.121093,57.000000
-0.257740,0.478681,0.123242,57.000000
-0.258336,0.483607,0.122038,57.000000
-0.259625,0.483580,0.118881,57.000000
-0.261040,0.486812,0.120934,57.000000
-0.234788,0.564331,0.179019,57.000000
-0.231523,0.564813,0.185308,57.000000
-0.228670,0.567803,0.183422,57.000000
-0.227329,0.567283,0.185825,57.000000
-0.429985,0.474504,0.134776,30.000000
-0.425903,0.474477,0.135087,30.000000
-0.423215,0.478521,0.133310,30.000000
-0.410258,0.452295,0.147895,30.000000
-0.407132,0.449029,0.141974,30.000000
-0.408862,0.448785,0.149109,30.000000
-0.409475,0.445217,0.146274,30.000000
-0.412720,0.446484,0.153694,30.000000
-0.401823,0.448706,0.149288,30.000000
-0.404808,0.443410,0.148570,30.000000
-0.455054,0.381095,0.145791,30.000000
-0.456773,0.379654,0.141008,30.000000
-0.459294,0.380721,0.146011,30.000000
-0.471198,0.385130,0.146170,30.000000
-0.465465,0.379452,0.143459,30.000000
-0.467718,0.380094,0.146509,30.000000
-0.587386,0.264485,-0.568866,70.000000
-0.590185,0.264430,-0.563816,70.000000
-0.593600,0.257177,-0.560720,70.000000
-0.504941,0.230010,-0.590371,70.000000
-0.500509,0.228658,-0.594508,70.000000
-0.498477,0.229764,-0.589448,70.000000
-0.498928,0.226896,-0.587615,70.000000
-0.499228,0.226473,-0.590070,70.000000
-0.501298,0.223204,-0.594323,70.000000
-0.495789,0.227667,-0.590068,70.000000
-0.497112,0.225780,-0.592606,70.000000
-0.655420,0.196335,-0.534194,70.000000
-0.633696,0.182257,-0.529044,70.000000
-0.656844,0.197696,-0.531626,70.000000
-0.634200,0.184473,-0.522817,70.000000
-0.656540,0.195441,-0.530396,70.000000
-0.101260,0.431457,0.127629,49.000000
-0.102039,0.436968,0.127758,49.000000
-0.101687,0.437478,0.129837,49.000000
-0.104103,0.436763,0.125326,49.000000
-0.101300,0.438333,0.126272,49.000000
-0.101002,0.438879,0.124690,49.000000
-0.104724,0.439929,0.127141,49.000000
-0.080221,0.521553,0.156220,49.000000
-0.077848,0.523801,0.155049,49.000000
-0.077404,0.524498,0.156789,49.000000
-0.078409,0.523925,0.163532,49.000000
-0.075443,0.524863,0.160507,49.000000
-0.080928,0.528221,0.158710,49.000000
-0.126007,0.346197,0.198439,49.000000
-0.126562,0.343233,0.194923,49.000000
-0.128284,0.341785,0.193537,49.000000
-0.610876,0.072546,-0.538924,48.000000
-0.609547,0.072701,-0.530642,48.000000
-0.605210,0.075400,-0.530046,48.000000
-0.607691,0.079830,-0.531160,48.000000
-0.608399,0.078794,-0.529506,48.000000
-0.609830,0.076403,-0.527716,48.000000
-0.611974,0.078464,-0.528531,48.000000
-0.607133,0.081874,-0.529606,48.000000
-0.661081,0.076940,-0.465211,48.000000
-0.656910,0.082307,-0.461712,48.000000
-0.659737,0.082392,-0.462647,48.000000
-0.666166,0.087163,-0.466624,48.000000
-0.668318,0.083330,-0.464005,48.000000
-0.661747,0.087446,-0.459806,48.000000
-0.661044,0.082890,-0.456934,48.000000
-0.540460,0.143478,-0.540373,48.000000
-0.656910,0.082307,-0.461712,68.000000
-0.659737,0.082392,-0.462647,68.000000
-0.661044,0.082890,-0.456934,68.000000
-0.661747,0.087446,-0.459806,68.000000
-0.661081,0.076940,-0.465211,68.000000
-0.666166,0.087163,-0.466624,68.000000
-0.668318,0.083330,-0.464005,68.000000
-0.728538,0.115095,-0.460308,68.000000
-0.611974,0.078464,-0.528531,68.000000
-0.732047,0.112983,-0.466251,68.000000
-0.609830,0.076403,-0.527716,68.000000
-0.608399,0.078794,-0.529506,68.000000
-0.609547,0.072701,-0.530642,68.000000
-0.607133,0.081874,-0.529606,68.000000
-0.607691,0.079830,-0.531160,68.000000
-0.678615,0.003831,-0.489028,68.000000
-0.402309,0.278051,-0.219783,23.000000
-0.404912,0.280742,-0.217958,23.000000
-0.405822,0.281454,-0.220981,23.000000
-0.406265,0.280896,-0.217295,23.000000
-0.408820,0.277751,-0.224278,23.000000
-0.409908,0.280897,-0.215753,23.000000
-0.411681,0.278191,-0.220557,23.000000
-0.406251,0.286488,-0.221681,23.000000
-0.408113,0.285692,-0.221153,23.000000
-0.410547,0.284800,-0.218395,23.000000
-0.410417,0.288625,-0.222221,23.000000
-0.472993,0.307765,-0.193650,23.000000
-0.477242,0.305507,-0.196143,23.000000
-0.477370,0.301532,-0.190016,23.000000
-0.479470,0.303135,-0.191397,23.000000
-0.477565,0.306018,-0.185545,23.000000
-0.058296,0.208397,-0.289392,118.000000
-0.055641,0.212090,-0.295357,118.000000
-0.060675,0.205192,-0.299014,118.000000
-0.067202,0.202781,-0.289618,118.000000
-0.082632,0.229493,-0.367459,118.000000
-0.077879,0.229777,-0.369773,118.000000
-0.076807,0.229592,-0.370184,118.000000
-0.075130,0.231045,-0.370688,118.000000
-0.078030,0.234221,-0.371102,118.000000
-0.079442,0.230248,-0.372200,118.000000
-0.076389,0.233209,-0.374094,118.000000
-0.075884,0.230730,-0.377133,118.000000
-0.081687,0.234859,-0.377591,118.000000
-0.084769,0.231784,-0.377610,118.000000
-0.102381,0.433103,-0.166998,118.000000
-0.102894,0.434425,-0.165748,118.000000
-0.358387,0.336063,0.179576,94.000000
-0.350867,0.337987,0.181782,94.000000
-0.353249,0.330991,0.185110,94.000000
-0.348176,0.334716,0.185729,94.000000
-0.314856,0.287259,0.140024,94.000000
-0.319374,0.286845,0.133547,94.000000
-0.314901,0.281002,0.137971,94.000000
-0.293192,0.383043,0.158559,94.000000
-0.310060,0.288231,0.130689,94.000000
-0.290915,0.382825,0.159251,94.000000
-0.287187,0.382333,0.167861,94.000000
-0.293039,0.389348,0.162065,94.000000
-0.290049,0.384887,0.158294,94.000000
-0.289576,0.386769,0.160849,94.000000
-0.288458,0.387964,0.162101,94.000000
-0.288737,0.388136,0.158923,94.000000
-0.248067,0.285224,0.173530,124.000000
-0.250525,0.284777,0.168671,124.000000
-0.248689,0.288188,0.166030,124.000000
-0.246601,0.290245,0.166500,124.000000
-0.251151,0.285346,0.165111,124.000000
-0.247126,0.286347,0.163964,124.000000
-0.250325,0.287716,0.161443,124.000000
-0.314856,0.287259,0.140024,124.000000
-0.310060,0.288231,0.130689,124.000000
-0.314901,0.281002,0.137971,124.000000
-0.319374,0.286845,0.133547,124.000000
-0.196511,0.346374,0.200935,124.000000
-0.190405,0.342134,0.200443,124.000000
-0.190223,0.348030,0.192640,124.000000
-0.195791,0.352187,0.195131,124.000000
-0.191050,0.349188,0.197380,124.000000
-0.249284,0.513091,-0.466403,46.000000
-0.249408,0.516497,-0.465809,46.000000
-0.250440,0.516937,-0.469508,46.000000
-0.247031,0.520224,-0.464481,46.000000
-0.247971,0.521992,-0.460696,46.000000
-0.305268,0.548015,-0.434384,46.000000
-0.302578,0.544057,-0.425182,46.000000
-0.256773,0.430553,-0.456246,46.000000
-0.254432,0.429908,-0.455139,46.000000
-0.257956,0.428288,-0.448336,46.000000
-0.186230,0.511359,-0.529841,46.000000
-0.183252,0.501108,-0.526125,46.000000
-0.180741,0.504711,-0.524792,46.000000
-0.181246,0.508979,-0.527756,46.000000
-0.182622,0.501108,-0.534330,46.000000
-0.174726,0.505402,-0.529363,46.000000
-0.139863,0.555161,0.166056,100.000000
-0.137651,0.555429,0.169011,100.000000
-0.136876,0.556551,0.168686,100.000000
-0.138129,0.554801,0.170541,100.000000
-0.136010,0.552703,0.162858,100.000000
-0.137187,0.550366,0.168935,100.000000
-0.133541,0.551495,0.172537,100.000000
-0.080928,0.528221,0.158710,100.000000
-0.078409,0.523925,0.163532,100.000000
-0.080221,0.521553,0.156220,100.000000
-0.077404,0.524498,0.156789,100.000000
-0.077848,0.523801,0.155049,100.000000
-0.075443,0.524863,0.160507,100.000000
-0.227329,0.567283,0.185825,100.000000
-0.228670,0.567803,0.183422,100.000000
-0.231523,0.564813,0.185308,100.000000
-0.195791,0.352187,0.195131,74.000000
-0.191050,0.349188,0.197380,74.000000
-0.189302,0.349547,0.196045,74.000000
-0.190223,0.348030,0.192640,74.000000
-0.196511,0.346374,0.200935,74.000000
-0.187962,0.353384,0.198328,74.000000
-0.188050,0.348500,0.196856,74.000000
-0.185803,0.354971,0.192440,74.000000
-0.190405,0.342134,0.200443,74.000000
-0.134376,0.336333,0.200923,74.000000
-0.132873,0.339272,0.199645,74.000000
-0.128284,0.341785,0.193537,74.000000
-0.127180,0.341690,0.201956,74.000000
-0.126562,0.343233,0.194923,74.000000
-0.126007,0.346197,0.198439,74.000000
-0.126941,0.337690,0.203155,74.000000
-0.167960,0.238329,0.212065,71.000000
-0.163288,0.235524,0.211943,71.000000
-0.165197,0.232429,0.209718,71.000000
-0.165149,0.233601,0.203802,71.000000
-0.165101,0.227390,0.209287,71.000000
-0.164419,0.229417,0.204974,71.000000
-0.111419,0.210345,0.230292,71.000000
-0.111419,0.205753,0.228695,71.000000
-0.108782,0.206893,0.228160,71.000000
-0.107429,0.204348,0.226310,71.000000
-0.104345,0.205386,0.228231,71.000000
-0.101893,0.207588,0.221282,71.000000
-0.248067,0.285224,0.173530,71.000000
-0.134376,0.336333,0.200923,71.000000
-0.250525,0.284777,0.168671,71.000000
-0.247126,0.286347,0.163964,71.000000
-0.256773,0.430553,-0.456246,111.000000
-0.254432,0.429908,-0.455139,111.000000
-0.257956,0.428288,-0.448336,111.000000
-0.279127,0.420833,-0.405376,111.000000
-0.277231,0.423358,-0.403909,111.000000
-0.278419,0.424520,-0.403177,111.000000
-0.282727,0.418554,-0.405552,111.000000
-0.278769,0.424368,-0.402209,111.000000
-0.277968,0.418705,-0.401578,111.000000
-0.280201,0.418598,-0.399633,111.000000
-0.249284,0.513091,-0.466403,111.000000
-0.249408,0.516497,-0.465809,111.000000
-0.250440,0.516937,-0.469508,111.000000
-0.247031,0.520224,-0.464481,111.000000
-0.247971,0.521992,-0.460696,111.000000
-0.183252,0.501108,-0.526125,111.000000
-0.066362,0.175046,0.253077,123.000000
-0.070288,0.177947,0.253658,123.000000
-0.073518,0.182064,0.253058,123.000000
-0.074161,0.179807,0.259224,123.000000
-0.104345,0.205386,0.228231,123.000000
-0.107429,0.204348,0.226310,123.000000
-0.101893,0.207588,0.221282,123.000000
-0.108782,0.206893,0.228160,123.000000
-0.111419,0.205753,0.228695,123.000000
-0.111419,0.210345,0.230292,123.000000
-0.100559,0.089655,0.252858,123.000000
-0.099788,0.088892,0.250454,123.000000
-0.098980,0.087130,0.240302,123.000000
-0.093093,0.084693,0.243170,123.000000
-0.097929,0.085658,0.247864,123.000000
-0.096215,0.084116,0.247002,123.000000
-0.261040,0.486812,0.120934,92.000000
-0.259625,0.483580,0.118881,92.000000
-0.258336,0.483607,0.122038,92.000000
-0.255359,0.480615,0.121093,92.000000
-0.257740,0.478681,0.123242,92.000000
-0.251775,0.486675,0.118713,92.000000
-0.252681,0.482868,0.114582,92.000000
-0.214604,0.482176,0.138494,92.000000
-0.211295,0.481237,0.136731,92.000000
-0.209846,0.481558,0.138002,92.000000
-0.207176,0.484765,0.134735,92.000000
-0.204460,0.481107,0.137590,92.000000
-0.329379,0.525390,0.119141,92.000000
-0.331329,0.521692,0.116710,92.000000
-0.331045,0.527214,0.115704,92.000000
-0.336227,0.518109,0.112467,92.000000
-0.245039,-0.940747,0.220142,10.000000
-0.246533,-0.939222,0.221929,10.000000
-0.242710,-0.939001,0.221367,10.000000
-0.244986,-0.940447,0.216564,10.000000
-0.250532,-0.941202,0.218782,10.000000
-0.246961,-0.944843,0.215133,10.000000
-0.252159,-0.939397,0.214695,10.000000
-0.278723,-0.925175,0.208152,10.000000
-0.277555,-0.921948,0.207507,10.000000
-0.280009,-0.923969,0.210947,10.000000
-0.282933,-0.925967,0.213127,10.000000
-0.284464,-0.927728,0.211078,10.000000
-0.285162,-0.928245,0.213789,10.000000
-0.281277,-0.917865,0.210882,10.000000
-0.281833,-0.920575,0.203604,10.000000
-0.284616,-0.920866,0.209876,10.000000
-0.686245,-0.000600,-0.495581,2.000000
-0.652370,-0.114435,-0.508667,2.000000
-0.648672,-0.115604,-0.504325,2.000000
-0.654027,-0.118636,-0.509096,2.000000
-0.649018,-0.119604,-0.503968,2.000000
-0.513053,-0.200419,-0.457028,2.000000
-0.507820,-0.197955,-0.453462,2.000000
-0.506588,-0.196727,-0.451287,2.000000
-0.508976,-0.199677,-0.454653,2.000000
-0.505352,-0.197421,-0.456686,2.000000
-0.511385,-0.203535,-0.453396,2.000000
-0.509098,-0.202130,-0.455153,2.000000
-0.647974,-0.269911,-0.474809,2.000000
-0.508441,-0.205932,-0.455990,2.000000
-0.503839,-0.201997,-0.455174,2.000000
-0.645776,-0.272737,-0.472091,2.000000
-0.341627,-0.022308,0.491392,109.000000
-0.340920,-0.030041,0.488588,109.000000
-0.349179,-0.028045,0.489575,109.000000
-0.343322,-0.029228,0.484097,109.000000
-0.345613,-0.029646,0.484520,109.000000
-0.411782,-0.045563,0.505695,109.000000
-0.413218,-0.042398,0.510987,109.000000
-0.416949,-0.047213,0.507013,109.000000
-0.419605,-0.046294,0.512291,109.000000
-0.417211,-0.095403,0.487797,109.000000
-0.413996,-0.098664,0.488296,109.000000
-0.420314,-0.095403,0.487166,109.000000
-0.415058,-0.100743,0.486038,109.000000
-0.414972,-0.101437,0.484603,109.000000
-0.412944,-0.103850,0.491465,109.000000
-0.407721,-0.108240,0.488553,109.000000
-0.053191,-0.290097,-0.168774,95.000000
-0.053956,-0.290908,-0.164638,95.000000
-0.058172,-0.291530,-0.160362,95.000000
-0.096990,-0.311017,-0.192839,95.000000
-0.098697,-0.310288,-0.193990,95.000000
-0.096227,-0.311343,-0.199186,95.000000
-0.099515,-0.315148,-0.195105,95.000000
-0.101451,-0.315959,-0.193353,95.000000
-0.105783,-0.313463,-0.187818,95.000000
-0.103709,-0.316345,-0.193374,95.000000
-0.066950,-0.213127,-0.253533,95.000000
-0.070646,-0.214590,-0.254410,95.000000
-0.062967,-0.211607,-0.255790,95.000000
-0.071313,-0.212780,-0.257783,95.000000
-0.067168,-0.213406,-0.259501,95.000000
-0.066920,-0.212713,-0.260396,95.000000
-0.522497,-0.406482,0.146113,36.000000
-0.522061,-0.405258,0.150140,36.000000
-0.521469,-0.402312,0.145304,36.000000
-0.521490,-0.402864,0.149638,36.000000
-0.523563,-0.399513,0.145173,36.000000
-0.524429,-0.399055,0.142882,36.000000
-0.520924,-0.398153,0.148949,36.000000
-0.512540,-0.425521,0.163833,36.000000
-0.506582,-0.417075,0.168377,36.000000
-0.513243,-0.423447,0.169677,36.000000
-0.507617,-0.423077,0.168485,36.000000
-0.510971,-0.427887,0.166865,36.000000
-0.506395,-0.424686,0.171736,36.000000
-0.474681,-0.541229,0.200149,36.000000
-0.469421,-0.540556,0.199138,36.000000
-0.470545,-0.541787,0.198575,36.000000
-0.092496,-0.287651,-0.659359,12.000000
-0.091309,-0.281139,-0.657990,12.000000
-0.088149,-0.287114,-0.653796,12.000000
-0.084915,-0.286194,-0.659513,12.000000
-0.084273,-0.284370,-0.653240,12.000000
-0.086846,-0.280687,-0.652591,12.000000
-0.089490,-0.164963,-0.347012,12.000000
-0.087123,-0.169286,-0.342265,12.000000
-0.089524,-0.164782,-0.341862,12.000000
-0.088825,-0.166138,-0.339817,12.000000
-0.082178,-0.159524,-0.339181,12.000000
-0.084933,-0.157957,-0.339703,12.000000
-0.087671,-0.159069,-0.337692,12.000000
-0.146056,-0.077014,-0.388416,12.000000
-0.150713,-0.079109,-0.383983,12.000000
-0.152824,-0.075011,-0.382993,12.000000
-0.320895,-0.003136,0.025192,42.000000
-0.321252,-0.002710,0.020445,42.000000
-0.321452,-0.009612,0.022591,42.000000
-0.316605,-0.002710,0.018675,42.000000
-0.322994,-0.008630,0.019491,42.000000
-0.319249,-0.009740,0.020164,42.000000
-0.321685,-0.012222,0.022957,42.000000
-0.322034,-0.009567,0.017350,42.000000
-0.320193,-0.005877,0.015257,42.000000
-0.315157,-0.009303,0.019047,42.000000
-0.251048,-0.053090,0.134395,42.000000
-0.245739,-0.053994,0.134093,42.000000
-0.250259,-0.054583,0.139107,42.000000
-0.249311,-0.054019,0.139845,42.000000
-0.248845,-0.056477,0.138765,42.000000
-0.250513,-0.055014,0.140503,42.000000
-0.075589,-0.548595,0.213071,5.000000
-0.075639,-0.552182,0.217694,5.000000
-0.083236,-0.551271,0.217671,5.000000
-0.070398,-0.553319,0.206933,5.000000
-0.079193,-0.556890,0.219770,5.000000
-0.158464,-0.532769,0.236789,5.000000
-0.160038,-0.529088,0.226689,5.000000
-0.160732,-0.539879,0.232944,5.000000
-0.160689,-0.534972,0.233723,5.000000
-0.161288,-0.530101,0.232898,5.000000
-0.163419,-0.533236,0.229757,5.000000
-0.164022,-0.536167,0.233077,5.000000
-0.167085,-0.528925,0.237833,5.000000
-0.139723,-0.615225,0.179485,5.000000
-0.144644,-0.613924,0.181912,5.000000
-0.142885,-0.614533,0.177842,5.000000
-0.376239,-0.449133,-0.356806,4.000000
-0.372913,-0.450602,-0.352706,4.000000
-0.370148,-0.450465,-0.356007,4.000000
-0.375294,-0.453671,-0.351821,4.000000
-0.369374,-0.451229,-0.354641,4.000000
-0.367663,-0.448294,-0.357152,4.000000
-0.370396,-0.457072,-0.352183,4.000000
-0.362839,-0.412616,-0.423413,4.000000
-0.357940,-0.411163,-0.423140,4.000000
-0.354731,-0.408184,-0.423115,4.000000
-0.355954,-0.411323,-0.425680,4.000000
-0.350323,-0.408332,-0.424908,4.000000
-0.352853,-0.406224,-0.425543,4.000000
-0.357083,-0.407089,-0.427646,4.000000
-0.356938,-0.404483,-0.426867,4.000000
-0.355863,-0.407015,-0.428290,4.000000
-0.079751,-0.254887,0.429832,88.000000
-0.079366,-0.253750,0.429493,88.000000
-0.082332,-0.252607,0.426910,88.000000
-0.078261,-0.248928,0.429315,88.000000
-0.084139,-0.250851,0.431778,88.000000
-0.075791,-0.250487,0.434185,88.000000
-0.084123,-0.311156,0.391729,88.000000
-0.082984,-0.314420,0.392220,88.000000
-0.083534,-0.314247,0.390826,88.000000
-0.079615,-0.317009,0.394692,88.000000
-0.083915,-0.315918,0.391178,88.000000
-0.077867,-0.314741,0.389011,88.000000
-0.084211,-0.318971,0.386310,88.000000
-0.117905,-0.193896,0.383175,88.000000
-0.119276,-0.192836,0.382495,88.000000
-0.118612,-0.186841,0.379350,88.000000
-0.506070,-0.328995,0.486751,54.000000
-0.499316,-0.331030,0.486481,54.000000
-0.503144,-0.327673,0.479996,54.000000
-0.500177,-0.328752,0.482098,54.000000
-0.494910,-0.328277,0.484074,54.000000
-0.494378,-0.325573,0.482406,54.000000
-0.450753,-0.357017,0.431725,54.000000
-0.451230,-0.354657,0.426769,54.000000
-0.446352,-0.350508,0.426205,54.000000
-0.451963,-0.360325,0.421750,54.000000
-0.443750,-0.359242,0.426591,54.000000
-0.444134,-0.350610,0.421094,54.000000
-0.445928,-0.359470,0.418987,54.000000
-0.440826,-0.357761,0.421761,54.000000
-0.462533,-0.225027,0.427816,54.000000
-0.469508,-0.222540,0.425108,54.000000
-0.274147,-0.113961,-0.358711,77.000000
-0.272243,-0.115616,-0.356623,77.000000
-0.266762,-0.116524,-0.358342,77.000000
-0.271000,-0.115343,-0.351104,77.000000
-0.264328,-0.116906,-0.354579,77.000000
-0.263813,-0.110036,-0.357741,77.000000
-0.264035,-0.110908,-0.354006,77.000000
-0.272085,-0.181493,-0.253301,77.000000
-0.271650,-0.185351,-0.255349,77.000000
-0.269247,-0.181412,-0.252628,77.000000
-0.271477,-0.183681,-0.253765,77.000000
-0.266693,-0.180147,-0.251708,77.000000
-0.271071,-0.185559,-0.253187,77.000000
-0.271276,-0.182309,-0.249849,77.000000
-0.268633,-0.189956,-0.254161,77.000000
-0.152824,-0.075011,-0.382993,77.000000
-0.655720,-0.345938,-0.447055,43.000000
-0.650308,-0.344668,-0.444742,43.000000
-0.651484,-0.341803,-0.445968,43.000000
-0.649842,-0.343861,-0.447256,43.000000
-0.653312,-0.344202,-0.440685,43.000000
-0.646080,-0.343600,-0.445252,43.000000
-0.654500,-0.277642,-0.469126,43.000000
-0.650660,-0.276887,-0.473893,43.000000
-0.651931,-0.274731,-0.471394,43.000000
-0.655716,-0.277034,-0.477794,43.000000
-0.648452,-0.274778,-0.473097,43.000000
-0.645776,-0.272737,-0.472091,43.000000
-0.647974,-0.269911,-0.474809,43.000000
-0.511385,-0.203535,-0.453396,43.000000
-0.508441,-0.205932,-0.455990,43.000000
-0.513053,-0.200419,-0.457028,43.000000
-0.624925,-0.078043,0.378562,45.000000
-0.620677,-0.078813,0.379820,45.000000
-0.623342,-0.081641,0.376005,45.000000
-0.619694,-0.080559,0.379244,45.000000
-0.617920,-0.079716,0.376248,45.000000
-0.619421,-0.075523,0.384165,45.000000
-0.617912,-0.077522,0.372535,45.000000
-0.614105,-0.080726,0.376912,45.000000
-0.618915,-0.087619,0.381804,45.000000
-0.613140,-0.078676,0.377129,45.000000
-0.614913,-0.081781,0.372535,45.000000
-0.613140,-0.084049,0.380779,45.000000
-0.604557,-0.113387,0.400278,45.000000
-0.607835,-0.114967,0.405046,45.000000
-0.602833,-0.113214,0.405493,45.000000
-0.602851,-0.115203,0.404300,45.000000
-0.095754,-0.787989,0.017417,105.000000
-0.099010,-0.787989,0.016450,105.000000
-0.095899,-0.790197,0.022797,105.000000
-0.101476,-0.793436,0.022518,105.000000
-0.096505,-0.797013,0.020285,105.000000
-0.101101,-0.798202,0.020556,105.000000
-0.104988,-0.796122,0.017703,105.000000
-0.165454,-0.862783,0.003450,105.000000
-0.167896,-0.860068,-0.000133,105.000000
-0.170522,-0.859840,0.002927,105.000000
-0.174317,-0.860499,0.007292,105.000000
-0.164212,-0.870851,0.006880,105.000000
-0.171027,-0.865589,0.003333,105.000000
-0.170731,-0.866850,0.003167,105.000000
-0.175330,-0.864489,0.003409,105.000000
-0.069715,-0.697201,0.126327,105.000000
-0.427445,-0.667245,0.185589,9.000000
-0.428540,-0.665098,0.186016,9.000000
-0.425716,-0.665098,0.183079,9.000000
-0.426504,-0.662093,0.186307,9.000000
-0.429345,-0.662561,0.182518,9.000000
-0.427275,-0.663204,0.190192,9.000000
-0.423524,-0.666434,0.180882,9.000000
-0.428322,-0.639249,0.183810,9.000000
-0.426945,-0.636491,0.183711,9.000000
-0.423057,-0.636672,0.181684,9.000000
-0.431886,-0.637165,0.178852,9.000000
-0.356178,-0.595918,0.179189,9.000000
-0.353572,-0.593669,0.180275,9.000000
-0.348703,-0.595918,0.181862,9.000000
-0.355153,-0.588668,0.183239,9.000000
-0.360913,-0.583839,0.180003,9.000000
-0.125221,-0.008973,0.346586,1.000000
-0.132081,-0.012232,0.343263,1.000000
-0.125871,-0.017741,0.342827,1.000000
-0.133354,-0.014125,0.347896,1.000000
-0.160950,-0.064206,0.354289,1.000000
-0.161005,-0.064206,0.361633,1.000000
-0.159214,-0.070662,0.359846,1.000000
-0.156032,-0.072788,0.357413,1.000000
-0.161358,-0.071886,0.359688,1.000000
-0.155599,-0.076031,0.357959,1.000000
-0.154819,-0.077044,0.356368,1.000000
-0.160468,-0.075768,0.359830,1.000000
-0.158870,-0.112736,0.348315,1.000000
-0.154630,-0.114498,0.351392,1.000000
-0.156840,-0.114270,0.344808,1.000000
-0.157723,-0.120371,0.346978,1.000000
-0.255292,-0.412466,0.332272,25.000000
-0.247544,-0.410892,0.331353,25.000000
-0.253071,-0.407201,0.325383,25.000000
-0.246183,-0.408045,0.333075,25.000000
-0.245336,-0.411444,0.330182,25.000000
-0.250313,-0.403518,0.331736,25.000000
-0.245609,-0.408653,0.333504,25.000000
-0.247406,-0.416299,0.326469,25.000000
-0.247414,-0.405184,0.326789,25.000000
-0.252294,-0.405245,0.322280,25.000000
-0.246420,-0.408889,0.322835,25.000000
-0.268219,-0.340363,0.315729,25.000000
-0.262992,-0.336444,0.323119,25.000000
-0.326352,-0.409598,0.289431,25.000000
-0.267687,-0.332115,0.312824,25.000000
-0.327401,-0.404158,0.280232,25.000000
-0.281038,-0.159953,0.299384,51.000000
-0.281530,-0.150319,0.301019,51.000000
-0.274654,-0.150679,0.292930,51.000000
-0.273656,-0.147920,0.294906,51.000000
-0.229206,-0.139590,0.315990,51.000000
-0.224904,-0.143429,0.311807,51.000000
-0.227892,-0.138320,0.316842,51.000000
-0.226484,-0.139797,0.315622,51.000000
-0.226257,-0.135267,0.316576,51.000000
-0.223953,-0.135002,0.316013,51.000000
-0.224341,-0.138451,0.321525,51.000000
-0.192513,-0.210552,0.319326,51.000000
-0.189784,-0.212854,0.315107,51.000000
-0.188839,-0.209529,0.321843,51.000000
-0.189286,-0.212764,0.318550,51.000000
-0.188121,-0.211784,0.326021,51.000000
-0.231216,-0.313499,-0.280787,44.000000
-0.236632,-0.311689,-0.278627,44.000000
-0.238406,-0.315351,-0.284289,44.000000
-0.235258,-0.318810,-0.285627,44.000000
-0.235320,-0.306776,-0.285160,44.000000
-0.232369,-0.310954,-0.289624,44.000000
-0.233128,-0.314910,-0.289743,44.000000
-0.229158,-0.317038,-0.291464,44.000000
-0.208761,-0.272687,-0.254606,44.000000
-0.203410,-0.276043,-0.252971,44.000000
-0.206691,-0.273750,-0.251852,44.000000
-0.205731,-0.273077,-0.251246,44.000000
-0.194826,-0.425734,-0.299687,44.000000
-0.167465,-0.244459,-0.205118,44.000000
-0.193222,-0.426041,-0.302477,44.000000
-0.189297,-0.425225,-0.299457,44.000000
-0.505352,-0.197421,-0.456686,21.000000
-0.507820,-0.197955,-0.453462,21.000000
-0.508976,-0.199677,-0.454653,21.000000
-0.503839,-0.201997,-0.455174,21.000000
-0.506588,-0.196727,-0.451287,21.000000
-0.509098,-0.202130,-0.455153,21.000000
-0.513053,-0.200419,-0.457028,21.000000
-0.508441,-0.205932,-0.455990,21.000000
-0.511385,-0.203535,-0.453396,21.000000
-0.645776,-0.272737,-0.472091,21.000000
-0.647974,-0.269911,-0.474809,21.000000
-0.648452,-0.274778,-0.473097,21.000000
-0.651931,-0.274731,-0.471394,21.000000
-0.650660,-0.276887,-0.473893,21.000000
-0.654500,-0.277642,-0.469126,21.000000
-0.649018,-0.119604,-0.503968,21.000000
-0.309026,-0.255701,0.499161,61.000000
-0.311790,-0.258623,0.496169,61.000000
-0.309609,-0.259719,0.502107,61.000000
-0.312058,-0.260212,0.501890,61.000000
-0.314873,-0.256039,0.502288,61.000000
-0.310371,-0.262799,0.499850,61.000000
-0.307775,-0.262840,0.495985,61.000000
-0.315208,-0.261446,0.496611,61.000000
-0.310598,-0.264168,0.501125,61.000000
-0.315507,-0.263180,0.495834,61.000000
-0.303659,-0.218605,0.510934,61.000000
-0.296238,-0.217907,0.505450,61.000000
-0.301306,-0.217485,0.510161,61.000000
-0.305970,-0.215488,0.505420,61.000000
-0.303443,-0.214145,0.507453,61.000000
-0.308079,-0.212906,0.506439,61.000000
-0.356396,-0.831386,0.075967,47.000000
-0.356465,-0.829722,0.077311,47.000000
-0.358128,-0.830935,0.077757,47.000000
-0.356519,-0.839180,0.078126,47.000000
-0.359621,-0.830538,0.083355,47.000000
-0.364558,-0.791253,0.079954,47.000000
-0.358957,-0.785560,0.082102,47.000000
-0.362512,-0.784198,0.080642,47.000000
-0.364144,-0.784063,0.079895,47.000000
-0.363523,-0.783267,0.076044,47.000000
-0.368311,-0.778416,0.078630,47.000000
-0.289560,-0.760944,0.054555,47.000000
-0.284730,-0.764399,0.059620,47.000000
-0.284292,-0.760965,0.059511,47.000000
-0.255205,-0.821952,0.053998,47.000000
-0.256063,-0.812472,0.056230,47.000000
-0.540105,0.000624,0.211000,72.000000
-0.541552,-0.001617,0.211345,72.000000
-0.546293,0.000313,0.210187,72.000000
-0.541493,-0.000867,0.217256,72.000000
-0.546801,-0.001503,0.212230,72.000000
-0.538804,-0.002650,0.218582,72.000000
-0.569303,-0.008080,0.311626,72.000000
-0.570192,-0.007979,0.312422,72.000000
-0.568949,-0.008458,0.312763,72.000000
-0.572383,-0.010449,0.311938,72.000000
-0.572283,-0.006899,0.312822,72.000000
-0.576277,-0.006089,0.314491,72.000000
-0.570471,-0.010567,0.316739,72.000000
-0.573504,-0.007818,0.316569,72.000000
-0.577978,-0.005085,0.316643,72.000000
-0.617912,-0.077522,0.372535,72.000000
-0.219984,-0.694918,0.144761,63.000000
-0.213420,-0.692945,0.140669,63.000000
-0.222768,-0.694648,0.136701,63.000000
-0.220563,-0.692123,0.136306,63.000000
-0.217500,-0.692731,0.136177,63.000000
-0.219871,-0.688663,0.137747,63.000000
-0.212785,-0.694115,0.137545,63.000000
-0.215264,-0.691675,0.135596,63.000000
-0.215418,-0.691444,0.132143,63.000000
-0.189335,-0.634669,0.174065,63.000000
-0.197885,-0.627399,0.171813,63.000000
-0.188992,-0.629220,0.172763,63.000000
-0.221952,-0.718199,0.064731,63.000000
-0.220754,-0.722261,0.065462,63.000000
-0.221976,-0.720387,0.063154,63.000000
-0.223360,-0.716936,0.061801,63.000000
-0.082178,-0.159524,-0.339181,55.000000
-0.084933,-0.157957,-0.339703,55.000000
-0.087671,-0.159069,-0.337692,55.000000
-0.088825,-0.166138,-0.339817,55.000000
-0.089524,-0.164782,-0.341862,55.000000
-0.087123,-0.169286,-0.342265,55.000000
-0.089490,-0.164963,-0.347012,55.000000
-0.069111,-0.213402,-0.262580,55.000000
-0.067296,-0.208553,-0.258338,55.000000
-0.063508,-0.209309,-0.259370,55.000000
-0.066920,-0.212713,-0.260396,55.000000
-0.072381,-0.210535,-0.257567,55.000000
-0.067168,-0.213406,-0.259501,55.000000
-0.071313,-0.212780,-0.257783,55.000000
-0.062967,-0.211607,-0.255790,55.000000
-0.070646,-0.214590,-0.254410,55.000000
-0.401676,-0.479329,0.260050,62.000000
-0.400657,-0.480207,0.261907,62.000000
-0.402527,-0.474821,0.262470,62.000000
-0.397112,-0.474851,0.262407,62.000000
-0.394847,-0.474603,0.257063,62.000000
-0.398581,-0.473957,0.266489,62.000000
-0.394245,-0.478955,0.265660,62.000000
-0.370305,-0.452731,0.297164,62.000000
-0.365122,-0.451189,0.294237,62.000000
-0.368871,-0.443187,0.292328,62.000000
-0.365412,-0.449459,0.297592,62.000000
-0.365648,-0.448642,0.297288,62.000000
-0.363866,-0.446484,0.294445,62.000000
-0.365858,-0.442487,0.293376,62.000000
-0.397894,-0.532376,0.203315,62.000000
-0.397437,-0.536105,0.207059,62.000000
-0.480749,-0.171251,0.401030,6.000000
-0.485517,-0.175590,0.400207,6.000000
-0.469508,-0.222540,0.425108,6.000000
-0.466138,-0.222447,0.425758,6.000000
-0.462533,-0.225027,0.427816,6.000000
-0.439161,-0.127174,0.456198,6.000000
-0.442077,-0.124346,0.456282,6.000000
-0.441748,-0.124198,0.456377,6.000000
-0.436603,-0.124810,0.454968,6.000000
-0.439329,-0.130522,0.461757,6.000000
-0.442088,-0.121746,0.459228,6.000000
-0.439105,-0.122264,0.461031,6.000000
-0.543150,-0.232847,0.385964,6.000000
-0.547839,-0.232820,0.388941,6.000000
-0.547455,-0.234349,0.387455,6.000000
-0.548018,-0.239109,0.388687,6.000000
-0.154533,-0.392403,0.475368,7.000000
-0.152150,-0.391786,0.477014,7.000000
-0.151019,-0.392005,0.474745,7.000000
-0.153941,-0.388460,0.475853,7.000000
-0.152835,-0.389014,0.479430,7.000000
-0.148345,-0.388785,0.472714,7.000000
-0.151622,-0.384266,0.478983,7.000000
-0.150513,-0.384415,0.479634,7.000000
-0.147041,-0.386250,0.473155,7.000000
-0.149929,-0.387761,0.482939,7.000000
-0.216524,-0.324137,0.513372,7.000000
-0.218299,-0.319567,0.515178,7.000000
-0.222469,-0.321317,0.512135,7.000000
-0.216747,-0.315632,0.512395,7.000000
-0.215199,-0.315397,0.517403,7.000000
-0.079615,-0.317009,0.394692,7.000000
-0.064769,-0.694548,0.138342,86.000000
-0.060058,-0.696648,0.133185,86.000000
-0.066383,-0.690594,0.130952,86.000000
-0.057111,-0.697589,0.134817,86.000000
-0.066628,-0.695010,0.126483,86.000000
-0.069715,-0.697201,0.126327,86.000000
-0.136560,-0.619401,0.175530,86.000000
-0.140775,-0.621387,0.175903,86.000000
-0.140075,-0.618903,0.176544,86.000000
-0.142228,-0.618913,0.176630,86.000000
-0.142471,-0.618171,0.177565,86.000000
-0.145171,-0.620292,0.177857,86.000000
-0.139723,-0.615225,0.179485,86.000000
-0.142885,-0.614533,0.177842,86.000000
-0.146422,-0.615255,0.174064,86.000000
-0.144644,-0.613924,0.181912,86.000000
-0.639375,-0.223291,0.325762,78.000000
-0.636273,-0.220406,0.330051,78.000000
-0.635535,-0.225374,0.331560,78.000000
-0.633972,-0.222021,0.331091,78.000000
-0.636096,-0.218755,0.332978,78.000000
-0.629849,-0.223834,0.328299,78.000000
-0.634196,-0.218915,0.333889,78.000000
-0.631122,-0.221347,0.333839,78.000000
-0.633729,-0.226206,0.337173,78.000000
-0.630964,-0.213368,0.332028,78.000000
-0.554193,-0.234707,0.382544,78.000000
-0.547455,-0.234349,0.387455,78.000000
-0.547839,-0.232820,0.388941,78.000000
-0.548018,-0.239109,0.388687,78.000000
-0.543150,-0.232847,0.385964,78.000000
-0.602599,-0.118927,0.404345,78.000000
-0.263067,-0.474739,-0.255079,85.000000
-0.265193,-0.469772,-0.256753,85.000000
-0.261236,-0.470357,-0.261716,85.000000
-0.269753,-0.471240,-0.260801,85.000000
-0.267888,-0.475654,-0.264532,85.000000
-0.266500,-0.467346,-0.263753,85.000000
-0.264754,-0.470068,-0.266270,85.000000
-0.266312,-0.466516,-0.267023,85.000000
-0.193352,-0.428029,-0.297699,85.000000
-0.194826,-0.425734,-0.299687,85.000000
-0.192908,-0.427020,-0.301043,85.000000
-0.193222,-0.426041,-0.302477,85.000000
-0.188134,-0.429627,-0.301203,85.000000
-0.189297,-0.425225,-0.299457,85.000000
-0.188140,-0.426668,-0.299292,85.000000
-0.370396,-0.457072,-0.352183,85.000000
-0.306395,-0.584804,0.198591,27.000000
-0.302607,-0.584654,0.195750,27.000000
-0.304587,-0.591317,0.194209,27.000000
-0.302424,-0.592089,0.198197,27.000000
-0.302287,-0.590424,0.203860,27.000000
-0.300306,-0.593874,0.199730,27.000000
-0.348703,-0.595918,0.181862,27.000000
-0.350347,-0.587069,0.179614,27.000000
-0.355153,-0.588668,0.183239,27.000000
-0.353572,-0.593669,0.180275,27.000000
-0.356178,-0.595918,0.179189,27.000000
-0.358019,-0.584936,0.179226,27.000000
-0.359238,-0.584669,0.181191,27.000000
-0.360913,-0.583839,0.180003,27.000000
-0.285550,-0.520907,0.242372,27.000000
-0.289575,-0.524095,0.251045,27.000000
-0.250513,-0.055014,0.140503,32.000000
-0.250259,-0.054583,0.139107,32.000000
-0.249311,-0.054019,0.139845,32.000000
-0.248845,-0.056477,0.138765,32.000000
-0.251048,-0.053090,0.134395,32.000000
-0.245739,-0.053994,0.134093,32.000000
-0.321685,-0.012222,0.022957,32.000000
-0.320895,-0.003136,0.025192,32.000000
-0.321452,-0.009612,0.022591,32.000000
-0.315157,-0.009303,0.019047,32.000000
-0.319249,-0.009740,0.020164,32.000000
-0.316605,-0.002710,0.018675,32.000000
-0.322994,-0.008630,0.019491,32.000000
-0.321252,-0.002710,0.020445,32.000000
-0.322034,-0.009567,0.017350,32.000000
-0.320193,-0.005877,0.015257,32.000000
-0.134917,-0.426992,0.178837,3.000000
-0.132780,-0.429079,0.181488,3.000000
-0.131074,-0.430413,0.181466,3.000000
-0.132859,-0.432804,0.175439,3.000000
-0.127619,-0.428950,0.177337,3.000000
-0.131711,-0.437794,0.181492,3.000000
-0.217162,-0.454530,0.238081,3.000000
-0.218575,-0.449592,0.239269,3.000000
-0.216828,-0.448828,0.242870,3.000000
-0.218764,-0.443863,0.242717,3.000000
-0.214146,-0.450207,0.246701,3.000000
-0.217226,-0.455193,0.241417,3.000000
-0.216812,-0.448300,0.247202,3.000000
-0.222631,-0.452515,0.242332,3.000000
-0.219538,-0.452164,0.247136,3.000000
-0.219576,-0.447564,0.248727,3.000000
-0.265320,-0.182757,-0.248482,19.000000
-0.266693,-0.180147,-0.251708,19.000000
-0.269247,-0.181412,-0.252628,19.000000
-0.271276,-0.182309,-0.249849,19.000000
-0.271071,-0.185559,-0.253187,19.000000
-0.271477,-0.183681,-0.253765,19.000000
-0.272085,-0.181493,-0.253301,19.000000
-0.271650,-0.185351,-0.255349,19.000000
-0.268633,-0.189956,-0.254161,19.000000
-0.178483,-0.176917,-0.274838,19.000000
-0.179175,-0.175995,-0.278027,19.000000
-0.175129,-0.180770,-0.272678,19.000000
-0.177437,-0.180136,-0.282359,19.000000
-0.174256,-0.177583,-0.281570,19.000000
-0.208761,-0.272687,-0.254606,19.000000
-0.205731,-0.273077,-0.251246,19.000000
-0.649018,-0.119604,-0.503968,0.000000
-0.648672,-0.115604,-0.504325,0.000000
-0.654027,-0.118636,-0.509096,0.000000
-0.652370,-0.114435,-0.508667,0.000000
-0.686245,-0.000600,-0.495581,0.000000
-0.647974,-0.269911,-0.474809,0.000000
-0.645776,-0.272737,-0.472091,0.000000
-0.648452,-0.274778,-0.473097,0.000000
-0.651931,-0.274731,-0.471394,0.000000
-0.655716,-0.277034,-0.477794,0.000000
-0.650660,-0.276887,-0.473893,0.000000
-0.654500,-0.277642,-0.469126,0.000000
-0.513053,-0.200419,-0.457028,0.000000
-0.508976,-0.199677,-0.454653,0.000000
-0.511385,-0.203535,-0.453396,0.000000
-0.507820,-0.197955,-0.453462,0.000000
-0.164546,-0.238022,-0.202416,127.000000
-0.166070,-0.242116,-0.203511,127.000000
-0.167465,-0.244459,-0.205118,127.000000
-0.165611,-0.246518,-0.200024,127.000000
-0.159474,-0.242109,-0.209727,127.000000
-0.205731,-0.273077,-0.251246,127.000000
-0.206691,-0.273750,-0.251852,127.000000
-0.203410,-0.276043,-0.252971,127.000000
-0.208761,-0.272687,-0.254606,127.000000
-0.175129,-0.180770,-0.272678,127.000000
-0.178483,-0.176917,-0.274838,127.000000
-0.105783,-0.313463,-0.187818,127.000000
-0.098697,-0.310288,-0.193990,127.000000
-0.179175,-0.175995,-0.278027,127.000000
-0.177437,-0.180136,-0.282359,127.000000
-0.103709,-0.316345,-0.193374,127.000000
-0.335896,-0.689617,0.106839,93.000000
-0.337478,-0.691885,0.109458,93.000000
-0.332141,-0.687059,0.106150,93.000000
-0.332484,-0.688198,0.100779,93.000000
-0.328422,-0.689589,0.105551,93.000000
-0.332358,-0.693883,0.098229,93.000000
-0.329051,-0.690355,0.098966,93.000000
-0.284519,-0.757270,0.060260,93.000000
-0.368311,-0.778416,0.078630,93.000000
-0.284785,-0.758295,0.055613,93.000000
-0.289560,-0.760944,0.054555,93.000000
-0.284292,-0.760965,0.059511,93.000000
-0.362512,-0.784198,0.080642,93.000000
-0.358957,-0.785560,0.082102,93.000000
-0.284730,-0.764399,0.059620,93.000000
-0.364144,-0.784063,0.079895,93.000000
-0.109691,-0.343280,0.352968,96.000000
-0.111782,-0.341671,0.354526,96.000000
-0.105368,-0.338009,0.351986,96.000000
-0.102915,-0.343084,0.354834,96.000000
-0.084211,-0.318971,0.386310,96.000000
-0.083915,-0.315918,0.391178,96.000000
-0.083534,-0.314247,0.390826,96.000000
-0.082984,-0.314420,0.392220,96.000000
-0.077867,-0.314741,0.389011,96.000000
-0.084123,-0.311156,0.391729,96.000000
-0.079615,-0.317009,0.394692,96.000000
-0.082332,-0.252607,0.426910,96.000000
-0.079751,-0.254887,0.429832,96.000000
-0.079366,-0.253750,0.429493,96.000000
-0.084139,-0.250851,0.431778,96.000000
-0.078261,-0.248928,0.429315,96.000000
-0.342011,-0.367089,0.467643,79.000000
-0.343166,-0.367171,0.469958,79.000000
-0.341342,-0.364097,0.464035,79.000000
-0.343595,-0.363000,0.464027,79.000000
-0.340317,-0.361603,0.464536,79.000000
-0.337407,-0.362451,0.465675,79.000000
-0.335590,-0.364496,0.465778,79.000000
-0.340464,-0.360618,0.464333,79.000000
-0.380426,-0.294912,0.476077,79.000000
-0.373723,-0.290383,0.479521,79.000000
-0.375094,-0.288912,0.470519,79.000000
-0.380106,-0.291232,0.474839,79.000000
-0.377442,-0.288487,0.469688,79.000000
-0.376293,-0.286790,0.471701,79.000000
-0.440826,-0.357761,0.421761,79.000000
-0.443750,-0.359242,0.426591,79.000000
-0.152824,-0.075011,-0.382993,106.000000
-0.150713,-0.079109,-0.383983,106.000000
-0.148338,-0.074501,-0.379735,106.000000
-0.146381,-0.075710,-0.379050,106.000000
-0.146056,-0.077014,-0.388416,106.000000
-0.087671,-0.159069,-0.337692,106.000000
-0.084933,-0.157957,-0.339703,106.000000
-0.089490,-0.164963,-0.347012,106.000000
-0.089524,-0.164782,-0.341862,106.000000
-0.082178,-0.159524,-0.339181,106.000000
-0.263813,-0.110036,-0.357741,106.000000
-0.088825,-0.166138,-0.339817,106.000000
-0.264035,-0.110908,-0.354006,106.000000
-0.087123,-0.169286,-0.342265,106.000000
-0.264328,-0.116906,-0.354579,106.000000
-0.266762,-0.116524,-0.358342,106.000000
-0.162875,-0.120621,0.350979,108.000000
-0.160324,-0.120581,0.346164,108.000000
-0.157723,-0.120371,0.346978,108.000000
-0.158870,-0.112736,0.348315,108.000000
-0.154630,-0.114498,0.351392,108.000000
-0.156840,-0.114270,0.344808,108.000000
-0.154819,-0.077044,0.356368,108.000000
-0.155599,-0.076031,0.357959,108.000000
-0.160468,-0.075768,0.359830,108.000000
-0.156032,-0.072788,0.357413,108.000000
-0.161358,-0.071886,0.359688,108.000000
-0.159214,-0.070662,0.359846,108.000000
-0.160950,-0.064206,0.354289,108.000000
-0.161005,-0.064206,0.361633,108.000000
-0.224341,-0.138451,0.321525,108.000000
-0.223953,-0.135002,0.316013,108.000000
-0.473171,-0.548097,0.197882,40.000000
-0.472237,-0.545469,0.196521,40.000000
-0.473790,-0.543904,0.198266,40.000000
-0.470545,-0.541787,0.198575,40.000000
-0.474681,-0.541229,0.200149,40.000000
-0.469830,-0.546703,0.204712,40.000000
-0.465476,-0.546123,0.199078,40.000000
-0.467529,-0.542849,0.201325,40.000000
-0.469421,-0.540556,0.199138,40.000000
-0.464427,-0.549389,0.199983,40.000000
-0.464427,-0.545047,0.198552,40.000000
-0.473939,-0.546897,0.207069,40.000000
-0.466209,-0.540380,0.206057,40.000000
-0.397894,-0.532376,0.203315,40.000000
-0.397437,-0.536105,0.207059,40.000000
-0.395760,-0.537033,0.208038,40.000000
-0.417698,-0.106286,0.493040,58.000000
-0.412944,-0.103850,0.491465,58.000000
-0.415058,-0.100743,0.486038,58.000000
-0.413996,-0.098664,0.488296,58.000000
-0.414972,-0.101437,0.484603,58.000000
-0.407721,-0.108240,0.488553,58.000000
-0.417211,-0.095403,0.487797,58.000000
-0.420314,-0.095403,0.487166,58.000000
-0.439105,-0.122264,0.461031,58.000000
-0.442088,-0.121746,0.459228,58.000000
-0.439329,-0.130522,0.461757,58.000000
-0.436603,-0.124810,0.454968,58.000000
-0.441748,-0.124198,0.456377,58.000000
-0.439161,-0.127174,0.456198,58.000000
-0.442077,-0.124346,0.456282,58.000000
-0.416949,-0.047213,0.507013,58.000000
-0.175330,-0.864489,0.003409,98.000000
-0.171027,-0.865589,0.003333,98.000000
-0.170731,-0.866850,0.003167,98.000000
-0.174317,-0.860499,0.007292,98.000000
-0.170522,-0.859840,0.002927,98.000000
-0.167896,-0.860068,-0.000133,98.000000
-0.165454,-0.862783,0.003450,98.000000
-0.164212,-0.870851,0.006880,98.000000
-0.104988,-0.796122,0.017703,98.000000
-0.101101,-0.798202,0.020556,98.000000
-0.251409,-0.820447,0.054937,98.000000
-0.247912,-0.818925,0.059101,98.000000
-0.255205,-0.821952,0.053998,98.000000
-0.248406,-0.816373,0.059877,98.000000
-0.101476,-0.793436,0.022518,98.000000
-0.249479,-0.816322,0.058956,98.000000
-0.576277,-0.006089,0.314491,69.000000
-0.577978,-0.005085,0.316643,69.000000
-0.573504,-0.007818,0.316569,69.000000
-0.572283,-0.006899,0.312822,69.000000
-0.572383,-0.010449,0.311938,69.000000
-0.570192,-0.007979,0.312422,69.000000
-0.570471,-0.010567,0.316739,69.000000
-0.569303,-0.008080,0.311626,69.000000
-0.568949,-0.008458,0.312763,69.000000
-0.617912,-0.077522,0.372535,69.000000
-0.613140,-0.078676,0.377129,69.000000
-0.614913,-0.081781,0.372535,69.000000
-0.538804,-0.002650,0.218582,69.000000
-0.541493,-0.000867,0.217256,69.000000
-0.614105,-0.080726,0.376912,69.000000
-0.617920,-0.079716,0.376248,69.000000
-0.217226,-0.455193,0.241417,11.000000
-0.217162,-0.454530,0.238081,11.000000
-0.222631,-0.452515,0.242332,11.000000
-0.218575,-0.449592,0.239269,11.000000
-0.216828,-0.448828,0.242870,11.000000
-0.219538,-0.452164,0.247136,11.000000
-0.214146,-0.450207,0.246701,11.000000
-0.216812,-0.448300,0.247202,11.000000
-0.219576,-0.447564,0.248727,11.000000
-0.218764,-0.443863,0.242717,11.000000
-0.270475,-0.498192,0.226325,11.000000
-0.268358,-0.503711,0.228076,11.000000
-0.275568,-0.497231,0.237585,11.000000
-0.273933,-0.502837,0.230946,11.000000
-0.167085,-0.528925,0.237833,11.000000
-0.282339,-0.521411,0.249363,11.000000
-0.215199,-0.315397,0.517403,91.000000
-0.216747,-0.315632,0.512395,91.000000
-0.218299,-0.319567,0.515178,91.000000
-0.216524,-0.324137,0.513372,91.000000
-0.222469,-0.321317,0.512135,91.000000
-0.151622,-0.384266,0.478983,91.000000
-0.150513,-0.384415,0.479634,91.000000
-0.149929,-0.387761,0.482939,91.000000
-0.152835,-0.389014,0.479430,91.000000
-0.153941,-0.388460,0.475853,91.000000
-0.154533,-0.392403,0.475368,91.000000
-0.152150,-0.391786,0.477014,91.000000
-0.147041,-0.386250,0.473155,91.000000
-0.307775,-0.262840,0.495985,91.000000
-0.151019,-0.392005,0.474745,91.000000
-0.148345,-0.388785,0.472714,91.000000
-0.145171,-0.620292,0.177857,113.000000
-0.142471,-0.618171,0.177565,113.000000
-0.142228,-0.618913,0.176630,113.000000
-0.140775,-0.621387,0.175903,113.000000
-0.140075,-0.618903,0.176544,113.000000
-0.142885,-0.614533,0.177842,113.000000
-0.146422,-0.615255,0.174064,113.000000
-0.148503,-0.614435,0.176531,113.000000
-0.144644,-0.613924,0.181912,113.000000
-0.139723,-0.615225,0.179485,113.000000
-0.136560,-0.619401,0.175530,113.000000
-0.188992,-0.629220,0.172763,113.000000
-0.189335,-0.634669,0.174065,113.000000
-0.197885,-0.627399,0.171813,113.000000
-0.160732,-0.539879,0.232944,113.000000
-0.079193,-0.556890,0.219770,113.000000
-0.249479,-0.816322,0.058956,126.000000
-0.248406,-0.816373,0.059877,126.000000
-0.247912,-0.818925,0.059101,126.000000
-0.251409,-0.820447,0.054937,126.000000
-0.256063,-0.812472,0.056230,126.000000
-0.255205,-0.821952,0.053998,126.000000
-0.284730,-0.764399,0.059620,126.000000
-0.284292,-0.760965,0.059511,126.000000
-0.284785,-0.758295,0.055613,126.000000
-0.289560,-0.760944,0.054555,126.000000
-0.284519,-0.757270,0.060260,126.000000
-0.220068,-0.725361,0.063289,126.000000
-0.220754,-0.722261,0.065462,126.000000
-0.221976,-0.720387,0.063154,126.000000
-0.222032,-0.719675,0.060759,126.000000
-0.223250,-0.718895,0.059339,126.000000
